1.65707e-05 2.75555e-05 -3.06543e-06 7.87484e-06 -1.96223e-06 -9.31446e-06 3.02334e-07 -7.849e-08 -2.1405e-07
1.54562e-05 1.42966e-05 -6.06771e-06 -1.38412e-05 2.27251e-06 -8.16622e-06 -4.3667e-07 7.18733e-08 -2.21173e-07
-2.72898e-05 -6.48884e-06 4.13404e-08 -2.58023e-06 1.06598e-05 -7.16007e-06 -9.41794e-08 3.89919e-07 -2.56361e-07
-1.28892e-05 -7.50969e-06 -2.71916e-06 -3.81192e-06 7.17246e-06 -5.32032e-06 -1.3686e-07 2.65431e-07 -2.034e-07
-2.44115e-05 -8.984e-06 2.10269e-06 -4.65192e-06 1.214e-05 -3.0194e-06 -1.67149e-07 4.30173e-07 -1.33809e-07
-2.74052e-05 -8.71089e-06 -2.57711e-06 -4.45811e-06 1.12895e-05 -2.70425e-06 -1.60547e-07 4.25197e-07 -1.23225e-07
-2.7441e-05 -1.49692e-05 5.04867e-07 -5.24645e-06 1.16122e-05 -1.49619e-06 -1.95311e-07 4.24503e-07 -1.03003e-07
-2.99563e-05 -2.09688e-06 -1.61333e-06 -1.66429e-06 1.16919e-05 -3.78763e-06 -5.79863e-08 4.39723e-07 -1.312e-07
-2.20262e-05 1.17551e-05 -7.60531e-06 6.16108e-06 8.27702e-06 -9.33667e-06 2.26257e-07 3.38162e-07 -2.68963e-07
-2.91295e-05 1.56727e-05 -5.29448e-06 7.60656e-06 1.08203e-05 -1.4242e-05 2.73514e-07 4.14857e-07 -4.14057e-07
-6.04322e-06 1.56011e-05 -6.62649e-06 9.53129e-06 1.57281e-07 -4.4175e-06 3.36496e-07 3.40341e-08 -9.36934e-08
-1.64265e-05 -5.92853e-07 -4.98835e-06 2.12017e-06 7.91332e-06 -6.41343e-06 6.95371e-08 3.00421e-07 -2.13596e-07
-6.7365e-07 -4.54132e-07 -4.32129e-06 8.37827e-07 1.09562e-06 -6.52856e-06 2.66429e-08 5.19168e-08 -2.18365e-07
2.25477e-06 -3.54425e-06 -1.86857e-07 -4.33252e-07 3.41018e-07 -2.83523e-06 -1.89006e-08 9.16643e-09 -1.06637e-07
7.7066e-06 -1.08573e-05 2.00484e-06 -5.09856e-06 -1.32116e-06 5.04613e-08 -1.83067e-07 -6.1249e-08 -4.07598e-08
2.70282e-06 -1.41007e-05 4.63535e-06 -7.59861e-06 1.40319e-06 -3.46827e-06 -2.73534e-07 2.58376e-08 -1.68041e-07
-4.22987e-06 -6.4928e-06 3.03383e-06 -2.63517e-06 3.2512e-06 -3.10538e-06 -9.72909e-08 1.02513e-07 -1.29168e-07
-1.38531e-05 -1.7015e-05 4.72878e-06 -7.77882e-06 8.19321e-06 -4.29939e-06 -2.80794e-07 2.70525e-07 -2.16342e-07
-4.18363e-06 -2.69471e-05 6.94245e-06 -1.24532e-05 4.07449e-06 -3.84449e-06 -4.4873e-07 1.18556e-07 -2.15861e-07
2.37572e-06 -1.72783e-05 5.61871e-06 -7.61747e-06 1.51771e-06 -2.4288e-06 -2.75739e-07 2.81864e-08 -1.40319e-07
2.64662e-07 -1.46061e-05 4.71859e-06 -5.71525e-06 2.81211e-06 -3.96823e-06 -2.08383e-07 7.69571e-08 -1.82325e-07
2.1754e-06 -2.47725e-05 4.94952e-06 -9.41579e-06 1.2945e-06 -3.95558e-07 -3.4773e-07 2.21048e-08 -1.02929e-07
1.94234e-05 -3.02909e-05 1.30089e-06 -1.12141e-05 -3.6147e-06 -2.34964e-06 -4.10909e-07 -1.48891e-07 -1.77111e-07
1.60792e-05 -3.01433e-05 5.96882e-06 -9.44174e-06 -1.93147e-07 4.15744e-06 -3.5281e-07 -4.83989e-08 3.24237e-08
1.79062e-05 -2.78021e-05 4.21959e-06 -9.86301e-06 -3.2111e-06 3.88121e-06 -3.62382e-07 -1.4431e-07 3.01942e-08
2.17626e-05 -2.30625e-05 6.85897e-06 -9.29023e-06 -3.67574e-06 8.10666e-07 -3.36616e-07 -1.72779e-07 -5.42781e-08
1.48133e-05 -1.98835e-05 5.8993e-06 -7.0531e-06 -2.65046e-06 2.55235e-06 -2.60288e-07 -1.28336e-07 1.42601e-08
1.78044e-05 -2.26153e-05 5.29019e-06 -8.24828e-06 -1.94455e-06 1.53164e-06 -3.03461e-07 -1.05075e-07 -2.43548e-08
2.55118e-05 -1.95768e-05 4.61229e-06 -5.85348e-06 -4.23242e-06 4.07508e-06 -2.22953e-07 -1.95692e-07 6.03928e-08
3.00911e-05 -1.40409e-05 3.83704e-06 -4.28261e-06 -6.1412e-06 3.44059e-06 -1.66443e-07 -2.69637e-07 6.1414e-08
1.77113e-05 -7.56947e-06 3.39657e-06 -2.85825e-06 -1.66038e-06 -1.15348e-06 -1.07355e-07 -9.70818e-08 -6.79907e-08
1.13729e-05 -3.57304e-06 7.50735e-06 -1.921e-06 1.58744e-07 -7.13854e-07 -6.86566e-08 -3.82144e-08 -3.77007e-08
-2.95593e-06 -8.27663e-06 7.16674e-06 -3.07883e-06 4.22783e-06 1.51406e-06 -1.15184e-07 1.20792e-07 2.15711e-08
1.60927e-06 2.74338e-05 4.64312e-06 1.05759e-05 9.75723e-07 -9.04006e-06 3.91911e-07 9.81561e-09 -1.93036e-07
-4.19227e-06 3.17473e-05 1.93766e-06 1.07149e-05 9.96059e-07 -9.36391e-06 4.02022e-07 2.95653e-08 -1.93222e-07
-7.10376e-06 4.06927e-05 1.99112e-06 1.36768e-05 3.16376e-06 -1.05275e-05 5.11983e-07 1.05573e-07 -2.072e-07
-3.69476e-06 2.84342e-05 -2.82438e-06 8.78694e-06 3.4424e-06 -5.71075e-06 3.31655e-07 1.278e-07 -9.29559e-08
-1.21985e-05 2.89247e-05 -1.79659e-06 1.00341e-05 4.14325e-06 -5.7739e-06 3.7398e-07 1.59899e-07 -8.91133e-08
-5.67254e-06 2.78624e-05 -3.08426e-06 9.33343e-06 2.88464e-06 -4.01512e-06 3.52056e-07 1.14831e-07 -3.18106e-08
-1.38058e-05 3.01242e-05 4.9565e-07 9.83624e-06 5.50913e-06 -5.04056e-06 3.73499e-07 2.01914e-07 -5.82082e-08
-4.1956e-06 2.90272e-05 3.46003e-07 9.44027e-06 2.04627e-06 -5.89929e-06 3.55549e-07 7.23873e-08 -8.68888e-08
-6.83848e-06 2.07683e-05 3.96028e-07 7.34868e-06 4.32043e-06 -4.43187e-06 2.77355e-07 1.52775e-07 -6.98607e-08
-2.09947e-05 1.92811e-05 1.5544e-06 5.00707e-06 7.52999e-06 -3.87278e-06 2.00089e-07 2.81229e-07 -5.82184e-08
-1.8924e-05 1.91267e-05 -1.11107e-07 5.34882e-06 7.56132e-06 -2.59424e-06 2.13322e-07 2.86883e-07 -1.20482e-08
-1.1018e-05 3.28458e-05 -1.58045e-06 1.14487e-05 3.57506e-06 -4.84313e-06 4.23208e-07 1.39132e-07 -3.55634e-08
-8.88158e-06 3.7453e-05 -8.76196e-07 1.29518e-05 3.55251e-06 -7.10336e-06 4.77581e-07 1.32655e-07 -9.33482e-08
-1.14231e-05 3.37421e-05 -3.22022e-06 1.05425e-05 3.71894e-06 -5.5199e-06 4.03321e-07 1.53184e-07 -6.27977e-08
-1.39822e-05 2.7031e-05 -5.68632e-06 8.86059e-06 4.32223e-06 -1.70403e-06 3.35884e-07 1.85969e-07 4.2122e-08
-1.68134e-05 3.51992e-05 -5.63961e-06 1.22522e-05 4.87723e-06 -5.19937e-06 4.53533e-07 2.02769e-07 -5.82839e-08
-1.27486e-05 2.89865e-05 -4.12896e-06 1.00132e-05 4.2863e-06 -2.93213e-06 3.744e-07 1.75272e-07 3.77872e-09
-2.33822e-05 2.41831e-05 -3.59098e-06 5.85893e-06 6.19867e-06 -6.17353e-06 2.28416e-07 2.50568e-07 -1.23338e-07
-2.23214e-05 1.72064e-05 -3.93898e-06 4.28486e-06 5.75899e-06 -6.81263e-06 1.67154e-07 2.38436e-07 -1.61159e-07
-8.4282e-06 1.55682e-05 -1.61462e-06 3.41688e-06 3.45403e-06 -4.22768e-06 1.34692e-07 1.32527e-07 -8.08841e-08
-1.1148e-05 7.58595e-06 -4.56113e-06 8.0666e-07 2.19715e-06 -3.81948e-06 3.79892e-08 1.08732e-07 -9.52223e-08
-2.92944e-05 1.90267e-05 -2.1309e-06 3.9431e-06 8.53297e-06 -3.09849e-06 1.55228e-07 3.2863e-07 -3.44141e-08
-2.51355e-05 1.15672e-05 -1.45778e-06 2.54307e-06 8.15836e-06 -4.36092e-07 1.00253e-07 3.11476e-07 3.15257e-08
-2.75251e-05 -5.59231e-06 -1.91851e-06 -3.41705e-06 8.7546e-06 -1.4683e-06 -1.21819e-07 3.39009e-07 -7.10765e-08
-3.01529e-05 -3.57129e-06 1.67226e-07 -3.48313e-06 8.80671e-06 -1.97408e-06 -1.21624e-07 3.40081e-07 -7.77667e-08
-3.08915e-05 -1.22138e-05 9.74017e-07 -6.35278e-06 8.44204e-06 -1.10601e-06 -2.3033e-07 3.25256e-07 -8.58478e-08
-2.68393e-05 -1.76192e-05 -8.40113e-07 -7.42711e-06 8.63239e-06 3.83765e-07 -2.73745e-07 3.31255e-07 -5.60138e-08
-3.29935e-05 -3.51614e-05 1.57962e-06 -1.5995e-05 1.14558e-05 4.79509e-06 -5.75675e-07 4.16589e-07 3.90783e-08
-2.6448e-05 -3.14594e-05 6.97859e-07 -1.29044e-05 1.02498e-05 4.67759e-06 -4.67708e-07 3.70847e-07 5.35193e-08
-2.98478e-05 -3.74785e-05 -2.3929e-07 -1.54146e-05 1.09192e-05 5.5799e-06 -5.65252e-07 4.05758e-07 5.46558e-08
-3.21413e-05 -3.6922e-05 5.01118e-06 -1.49063e-05 1.20558e-05 5.65806e-06 -5.4634e-07 4.27751e-07 6.47195e-08
-1.75279e-05 -2.35284e-05 1.96758e-06 -1.14063e-05 1.01322e-05 7.17986e-06 -4.10077e-07 3.52594e-07 1.57283e-07
-2.11313e-05 -2.74893e-05 2.06061e-06 -1.25347e-05 1.04973e-05 7.59506e-06 -4.53939e-07 3.70129e-07 1.56927e-07
-2.66842e-05 -2.7348e-05 2.00117e-06 -1.26256e-05 1.27176e-05 6.2798e-06 -4.56948e-07 4.51178e-07 1.12329e-07
-1.17658e-05 -1.79098e-05 7.31791e-06 -7.97166e-06 7.76542e-06 4.8944e-06 -2.90395e-07 2.4815e-07 9.87742e-08
-2.93307e-05 -3.1928e-05 4.644e-06 -1.3783e-05 1.41574e-05 7.70464e-06 -5.02123e-07 4.94955e-07 1.52526e-07
-1.49394e-05 -2.78501e-05 3.58065e-06 -1.20348e-05 8.53559e-06 7.24919e-06 -4.41524e-07 2.9342e-07 1.45806e-07
-1.82185e-05 -2.55802e-05 -9.39406e-07 -1.18059e-05 9.53283e-06 8.64087e-06 -4.28893e-07 3.45996e-07 1.95606e-07
-1.94418e-05 -2.62978e-05 1.58616e-06 -1.27689e-05 9.75463e-06 8.59044e-06 -4.6796e-07 3.50352e-07 1.89936e-07
-1.16949e-05 -1.90307e-05 2.68525e-06 -7.91173e-06 5.95746e-06 5.23505e-06 -2.91975e-07 2.05237e-07 9.95144e-08
-1.42586e-05 -6.45138e-06 2.39021e-06 -4.42995e-06 8.45772e-06 2.56946e-06 -1.57814e-07 2.9583e-07 6.16861e-08
-9.83432e-06 -4.90275e-06 3.38536e-06 -4.19267e-06 9.80674e-06 5.58131e-06 -1.4592e-07 3.27366e-07 1.68677e-07
-1.64786e-05 -4.65325e-06 2.37152e-06 -3.05678e-06 1.13611e-05 5.46514e-06 -1.07813e-07 3.90431e-07 1.64544e-07
-1.50251e-05 -4.65409e-06 1.05797e-06 -3.07673e-06 9.75498e-06 2.98717e-06 -1.08115e-07 3.38991e-07 8.57421e-08
-1.25349e-05 -7.59548e-06 4.17057e-06 -4.11271e-06 9.4869e-06 5.76029e-06 -1.478e-07 3.19338e-07 1.6665e-07
-1.10162e-05 -5.34728e-06 8.66561e-06 -1.76225e-06 8.52789e-06 3.26633e-06 -6.52929e-08 2.66108e-07 8.97048e-08
-6.23597e-06 -1.44885e-05 4.91779e-06 -7.72728e-06 3.52968e-06 1.13428e-06 -2.74016e-07 1.07532e-07 -8.77644e-09
6.11862e-06 -1.03715e-05 7.22043e-06 -5.61216e-06 1.11834e-06 4.12413e-06 -2.00963e-07 2.21538e-09 1.0149e-07
-1.20139e-05 -8.68e-06 7.93779e-07 -4.09129e-06 7.59185e-06 4.18277e-06 -1.49076e-07 2.66654e-07 1.05322e-07
-1.44218e-05 -5.86628e-06 9.78767e-07 -2.89047e-06 6.63443e-06 1.66466e-06 -1.04906e-07 2.37792e-07 3.17687e-08
-2.93015e-05 1.07048e-05 3.38013e-09 4.74827e-06 1.27729e-05 -2.32583e-06 1.72938e-07 4.65664e-07 -4.12271e-08
-2.05328e-05 1.47495e-05 -3.71434e-06 5.0719e-06 7.82887e-06 -4.48123e-06 1.88139e-07 3.02907e-07 -9.06861e-08
-1.88995e-05 2.16883e-05 -2.06764e-06 9.41352e-06 5.39701e-06 -1.0339e-05 3.4412e-07 2.14871e-07 -2.64505e-07
-1.85366e-05 2.62915e-05 -1.54424e-06 1.23485e-05 5.4618e-06 -1.09575e-05 4.43474e-07 2.10918e-07 -2.71e-07
-9.40217e-06 2.91271e-05 1.49174e-06 1.433e-05 4.34623e-06 -1.2184e-05 5.14673e-07 1.51255e-07 -2.96516e-07
-1.47382e-05 3.30857e-05 3.60901e-06 1.65561e-05 6.69516e-06 -1.27236e-05 5.94782e-07 2.30184e-07 -3.16001e-07
-1.99455e-05 3.4934e-05 1.02483e-06 1.73841e-05 8.02054e-06 -1.45359e-05 6.22523e-07 2.87963e-07 -3.6409e-07
-1.16492e-05 3.60937e-05 5.26167e-06 2.08648e-05 4.79373e-06 -1.34097e-05 7.39582e-07 1.55635e-07 -3.22279e-07
-1.10696e-05 4.08847e-05 6.40454e-07 2.0848e-05 6.88197e-06 -4.58527e-06 7.50808e-07 2.42057e-07 -2.05035e-08
-2.73022e-05 2.89568e-05 3.18718e-06 1.5197e-05 1.23646e-05 -6.38311e-06 5.44852e-07 4.3736e-07 -1.12249e-07
-2.05905e-05 2.05743e-05 -2.38926e-07 1.08628e-05 7.56276e-06 -1.23677e-06 3.88712e-07 2.79668e-07 3.13618e-08
-2.42181e-05 2.12e-05 -1.49461e-06 1.09979e-05 1.1954e-05 -3.37551e-07 3.90816e-07 4.31056e-07 6.07286e-08
-1.05113e-05 1.82309e-05 -4.14235e-06 9.24218e-06 4.32242e-06 3.42925e-06 3.33569e-07 1.73065e-07 1.77875e-07
-1.54009e-05 1.39069e-05 -8.56134e-07 8.13313e-06 7.24336e-06 1.6078e-06 2.87349e-07 2.62434e-07 1.01391e-07
1.00591e-06 7.07773e-06 8.63965e-08 2.31692e-06 1.05399e-06 8.81938e-06 8.65359e-08 3.33264e-08 3.18236e-07
3.90279e-06 3.16864e-06 -1.54354e-06 3.83453e-07 -2.47061e-07 4.24125e-06 1.72035e-08 -8.16673e-09 1.52138e-07
-6.08631e-06 3.4002e-06 -1.27643e-06 2.57564e-06 2.45931e-06 8.03979e-06 9.05946e-08 9.51027e-08 2.7989e-07
-1.55022e-05 -8.57877e-06 -2.56652e-06 -3.65867e-06 5.44547e-06 7.88213e-06 -1.37272e-07 2.19203e-07 2.28274e-07
-3.82508e-06 -7.06109e-06 -1.90537e-06 -4.04967e-06 1.18389e-06 1.28988e-05 -1.44731e-07 5.21019e-08 4.02041e-07
-5.27613e-06 2.04741e-06 -5.8296e-07 1.60724e-06 1.36896e-06 3.31265e-06 5.63746e-08 5.51121e-08 1.18246e-07
-3.9499e-06 1.63778e-05 1.3253e-06 1.0007e-05 1.37919e-06 5.33235e-06 3.60404e-07 4.75471e-08 2.3676e-07
-5.81505e-06 2.52076e-05 -1.16956e-06 1.53983e-05 1.15328e-06 8.58195e-06 5.47953e-07 5.10913e-08 3.82614e-07
9.27476e-06 5.57146e-05 -2.63185e-06 2.91354e-05 -4.62791e-06 -4.73191e-06 1.05623e-06 -1.587e-07 5.27662e-08
1.17655e-05 6.38992e-05 3.11713e-06 3.54132e-05 -6.13115e-06 -5.36291e-06 1.25703e-06 -2.31117e-07 7.57787e-08
-4.39464e-06 7.80252e-05 -3.55212e-07 3.75919e-05 4.64461e-08 -6.14707e-06 1.36251e-06 9.36327e-09 7.93958e-08
-3.5912e-06 8.41676e-05 7.42046e-06 4.22761e-05 6.16306e-07 -7.23455e-06 1.50717e-06 3.62997e-10 3.92258e-08
1.00678e-05 8.28091e-05 4.49649e-06 4.06347e-05 -4.87153e-06 -8.93806e-06 1.46094e-06 -1.91146e-07 -5.0661e-09
6.80366e-06 7.0178e-05 8.5257e-06 3.15979e-05 -2.13135e-06 -7.04949e-06 1.13512e-06 -1.08827e-07 1.08024e-08
6.98068e-06 4.47488e-05 2.39538e-06 2.22198e-05 -4.15775e-06 -4.79734e-06 7.88844e-07 -1.54242e-07 -1.03566e-08
2.12237e-05 5.66023e-05 4.45518e-06 2.488e-05 -1.07229e-05 -3.61498e-06 8.91103e-07 -3.96794e-07 7.43061e-08
1.20869e-05 3.97788e-05 6.03952e-06 1.94575e-05 -6.17277e-06 -1.43515e-06 6.92306e-07 -2.41278e-07 9.57798e-08
7.64704e-06 3.93088e-05 8.08621e-06 1.68303e-05 -2.45374e-06 -5.02042e-06 6.11072e-07 -1.19937e-07 -3.00206e-08
2.2441e-05 3.39491e-05 1.00077e-05 1.45629e-05 -9.1247e-06 -3.25801e-06 5.23342e-07 -3.66274e-07 1.59721e-08
1.68466e-05 4.46584e-06 4.28786e-06 3.84135e-06 -8.77301e-06 7.082e-06 1.32922e-07 -3.2835e-07 2.53178e-07
9.8356e-06 1.17414e-05 6.96342e-06 7.32509e-06 -5.21832e-06 6.15969e-06 2.56043e-07 -2.09562e-07 2.47948e-07
4.07486e-06 -1.57857e-06 1.2066e-06 -8.17872e-07 -4.10511e-06 9.88854e-06 -2.94246e-08 -1.47219e-07 3.2252e-07
6.13476e-06 -3.88405e-06 3.10031e-07 -2.20417e-06 -5.81572e-06 1.28499e-05 -7.89276e-08 -2.03354e-07 4.1335e-07
1.71943e-06 2.76155e-05 7.56597e-08 1.3883e-05 -1.99599e-06 5.13274e-06 4.98291e-07 -6.89895e-08 2.76222e-07
1.04101e-06 2.90446e-05 -2.04306e-06 1.43324e-05 -2.46148e-06 1.50789e-06 5.10804e-07 -7.53777e-08 1.59357e-07
3.92441e-06 2.89701e-05 -2.4753e-06 1.48362e-05 -4.34298e-06 2.62005e-06 5.32271e-07 -1.40808e-07 1.87121e-07
9.9963e-06 3.11419e-05 -8.09101e-07 1.66211e-05 -5.89081e-06 -7.02659e-07 5.88169e-07 -2.03934e-07 7.91582e-08
-1.09963e-05 3.00615e-05 -1.27292e-06 1.53732e-05 1.77396e-06 -9.98807e-07 5.46885e-07 7.75893e-08 6.87325e-08
-1.90031e-05 3.12683e-05 2.88108e-06 1.483e-05 6.30148e-06 -1.79142e-06 5.27958e-07 2.22097e-07 5.10087e-08
-2.14542e-05 3.81834e-05 2.97188e-06 1.79576e-05 6.84242e-06 -3.9941e-06 6.43345e-07 2.45119e-07 -3.29331e-09
-1.39575e-05 3.12086e-05 5.28221e-06 1.47672e-05 2.16543e-06 -7.47186e-07 5.27799e-07 7.10343e-08 8.52487e-08
2.05628e-06 1.66464e-05 2.26673e-06 1.0498e-05 -4.56581e-06 2.95613e-06 3.6935e-07 -1.61796e-07 1.56856e-07
-6.09403e-06 1.86983e-05 1.48175e-06 1.08173e-05 -9.4841e-07 2.38432e-06 3.83118e-07 -2.84869e-08 1.42411e-07
5.34532e-06 5.26792e-06 3.87857e-06 2.83282e-06 -6.59455e-06 8.02371e-06 1.01141e-07 -2.40233e-07 2.85851e-07
7.76489e-06 1.89419e-05 6.09959e-06 8.78624e-06 -8.46789e-06 7.384e-06 3.16128e-07 -3.17373e-07 3.2697e-07
-1.35448e-05 7.4375e-06 8.1192e-06 3.97501e-06 8.82543e-07 9.77121e-06 1.43615e-07 1.70678e-08 3.55276e-07
1.5463e-06 4.06102e-06 4.61962e-06 2.24362e-06 -5.05898e-06 8.1199e-06 8.03614e-08 -1.89677e-07 2.86938e-07
1.77953e-06 -1.0673e-05 4.92076e-06 -6.13321e-06 -4.36985e-06 1.19289e-05 -2.15443e-07 -1.65763e-07 3.56338e-07
6.55965e-06 -1.72809e-05 1.41164e-06 -8.74257e-06 -7.18085e-06 1.13298e-05 -3.09203e-07 -2.51246e-07 3.09561e-07
6.37825e-06 5.63353e-06 1.64051e-06 4.79393e-06 -4.73625e-06 2.77536e-06 1.66303e-07 -1.7137e-07 1.12997e-07
9.18826e-07 7.49949e-06 2.48853e-06 4.39901e-06 -3.93989e-06 2.91793e-06 1.55252e-07 -1.40583e-07 1.22574e-07
3.94038e-06 1.88663e-05 1.97766e-06 1.10936e-05 -3.71025e-06 1.2703e-06 3.91107e-07 -1.34815e-07 1.06599e-07
6.08095e-06 1.18193e-05 -2.22057e-06 7.40833e-06 -4.6294e-06 2.14321e-06 2.60811e-07 -1.53748e-07 1.12782e-07
3.93659e-07 1.78665e-05 2.4441e-06 1.05339e-05 -1.71197e-06 8.43603e-07 3.71623e-07 -6.6079e-08 9.16955e-08
-1.60294e-05 1.55471e-05 2.97432e-06 9.35494e-06 6.01541e-06 -2.52323e-06 3.28603e-07 2.07704e-07 -2.8539e-08
-9.31183e-06 5.65229e-06 2.54806e-06 4.40682e-06 -2.68678e-09 6.5881e-06 1.53232e-07 2.58409e-09 2.38271e-07
-1.18479e-05 1.03934e-05 1.09869e-06 6.68622e-06 1.73847e-06 2.95604e-06 2.34306e-07 6.78315e-08 1.3518e-07
-6.90138e-06 1.19523e-06 2.54841e-06 1.76663e-06 2.61413e-06 2.35609e-06 6.01625e-08 8.70809e-08 8.21123e-08
-1.26116e-05 6.73817e-06 4.0614e-06 1.28852e-06 2.35189e-06 5.21497e-06 5.43088e-08 8.17467e-08 2.02918e-07
-2.41263e-05 1.75951e-05 5.18151e-07 8.5734e-06 4.61002e-06 5.93442e-06 3.09818e-07 1.84485e-07 2.63975e-07
-1.76713e-05 7.14914e-06 5.82714e-07 4.6922e-06 6.15324e-06 6.66321e-06 1.65577e-07 2.25488e-07 2.50803e-07
-5.42934e-06 7.25435e-06 -2.38456e-06 6.24818e-06 8.44932e-07 7.85401e-06 2.17138e-07 4.33335e-08 2.86335e-07
-2.29714e-05 1.30625e-05 -1.14121e-06 9.31604e-06 8.50483e-06 8.44112e-06 3.25318e-07 3.13649e-07 3.22705e-07
-2.41038e-05 4.3434e-06 -1.48477e-06 4.12068e-06 8.30214e-06 6.87882e-06 1.42424e-07 3.09888e-07 2.42001e-07
-2.83188e-05 2.47729e-06 -4.28478e-06 3.77403e-06 8.79441e-06 1.1004e-05 1.294e-07 3.41156e-07 3.69663e-07
-2.72598e-05 -3.73593e-07 1.78348e-06 -7.60331e-07 1.04585e-05 8.66482e-06 -2.59097e-08 3.75016e-07 2.83013e-07
-2.82953e-05 -7.80859e-06 7.24793e-07 -3.66059e-06 1.19593e-05 9.64237e-06 -1.30777e-07 4.28166e-07 2.94514e-07
-4.06919e-05 -1.3526e-05 6.02725e-06 -7.20579e-06 1.86019e-05 7.73565e-06 -2.56871e-07 6.47904e-07 2.05533e-07
-2.67999e-05 -9.74326e-06 2.36032e-06 -6.46754e-06 1.13689e-05 7.89638e-06 -2.2679e-07 4.01836e-07 2.26198e-07
-3.09566e-05 -2.0776e-05 1.83733e-06 -1.21781e-05 9.7047e-06 1.16906e-05 -4.37668e-07 3.64713e-07 3.08085e-07
-3.2287e-05 -1.68506e-05 2.26537e-07 -8.97674e-06 1.20527e-05 8.05915e-06 -3.15346e-07 4.32374e-07 2.01931e-07
-2.83798e-05 -1.56848e-06 2.58597e-06 -9.77089e-07 9.60065e-06 7.04969e-06 -3.4649e-08 3.51269e-07 2.28995e-07
-1.95221e-05 -1.04716e-06 6.18317e-07 4.13514e-08 6.53182e-06 6.78354e-06 -4.73133e-11 2.39377e-07 2.18512e-07
-1.40992e-05 -2.42402e-08 2.25723e-06 -8.55886e-07 4.01e-06 3.56214e-06 -2.8579e-08 1.42401e-07 1.17553e-07
-1.13468e-05 -4.58525e-06 2.06541e-06 -3.03546e-06 4.84408e-06 2.8843e-06 -1.06711e-07 1.67844e-07 7.89733e-08
-8.81429e-06 -2.75921e-06 2.46046e-06 -1.41275e-06 2.78647e-06 8.85234e-07 -5.02162e-08 9.4255e-08 1.94522e-08
-5.43494e-06 -2.54893e-06 -5.29098e-07 -8.90868e-07 3.72379e-06 2.52381e-06 -3.26113e-08 1.32362e-07 7.38587e-08
5.40684e-06 3.35814e-06 5.57208e-06 3.00836e-06 -1.94189e-07 1.63785e-06 1.04017e-07 -3.44964e-08 6.74737e-08
-4.47887e-06 -1.61738e-06 6.8805e-06 1.35648e-07 2.14349e-06 4.13181e-06 1.49963e-09 5.14093e-08 1.30618e-07
-1.03635e-05 -1.61379e-06 7.94623e-06 6.90368e-07 6.03062e-06 2.80853e-06 1.94187e-08 1.85131e-07 8.54221e-08
-1.49911e-05 5.25189e-06 4.77221e-06 1.82656e-06 8.34363e-06 3.15355e-06 6.81551e-08 2.81329e-07 1.24193e-07
-1.11411e-05 -1.96091e-06 2.34941e-06 -9.78825e-07 2.84768e-06 4.73415e-06 -3.51076e-08 9.67453e-08 1.46722e-07
-1.12853e-05 -2.54395e-06 6.62215e-07 -3.11765e-07 4.23849e-06 3.31272e-06 -1.45701e-08 1.57953e-07 1.02055e-07
-1.39672e-05 -1.01619e-05 3.34103e-06 -4.63728e-06 7.53142e-06 5.45526e-06 -1.66882e-07 2.54975e-07 1.40455e-07
-2.03002e-05 -1.13541e-05 3.54614e-06 -4.60297e-06 9.88282e-06 1.05642e-05 -1.69238e-07 3.43099e-07 3.02384e-07
-1.71012e-05 -5.20091e-06 1.16658e-06 -5.83848e-07 7.99351e-06 7.5795e-06 -2.7225e-08 2.86482e-07 2.29189e-07
-1.69926e-05 -2.56836e-06 1.02674e-06 1.09579e-06 8.01563e-06 4.9831e-06 3.23015e-08 2.88601e-07 1.54194e-07
-6.95828e-06 -1.68599e-06 1.04264e-06 2.45641e-07 1.54339e-06 5.12459e-06 5.63436e-09 5.72829e-08 1.63681e-07
-5.84156e-06 -3.5012e-06 3.07739e-06 -7.55588e-07 1.83525e-06 2.62697e-06 -3.05869e-08 5.75815e-08 7.31682e-08
2.23145e-05 -5.16821e-06 -3.59722e-06 -2.12541e-06 -1.04042e-05 -3.17993e-06 -7.76289e-08 -3.64977e-07 -1.2158e-07
1.14859e-05 -5.63198e-06 3.76211e-07 -5.1003e-06 -7.22238e-06 -1.60221e-06 -1.76685e-07 -2.55597e-07 -7.06055e-08
1.05104e-05 -2.30272e-06 7.11138e-07 -4.83883e-07 -5.52311e-06 -4.02009e-07 -1.91791e-08 -1.99643e-07 -2.07766e-08
1.14857e-06 3.51283e-06 1.25835e-06 1.79318e-06 -3.34854e-06 -3.89496e-07 6.39286e-08 -1.16987e-07 -1.0572e-09
9.43776e-06 1.40652e-06 -1.83262e-07 9.42352e-07 -7.17693e-06 -2.69929e-06 3.3154e-08 -2.50106e-07 -8.34282e-08
2.20366e-06 4.39026e-06 -6.50725e-07 2.60519e-06 -2.00798e-06 -4.31034e-06 9.26433e-08 -6.76105e-08 -1.2884e-07
-1.39999e-06 7.43567e-06 -2.85943e-07 4.4809e-06 -2.64248e-06 -2.84421e-06 1.58047e-07 -8.52388e-08 -6.97981e-08
5.99763e-06 -3.94762e-07 2.37689e-06 4.49843e-07 -5.27932e-06 8.1659e-07 1.42903e-08 -1.91329e-07 2.6055e-08
8.84526e-06 2.84462e-06 1.64776e-06 2.59179e-06 -7.76112e-06 -8.11556e-07 8.95507e-08 -2.74866e-07 -1.63738e-08
7.42525e-06 2.06808e-05 3.01534e-06 1.41524e-05 -4.94328e-06 -1.82111e-06 4.9799e-07 -1.84248e-07 7.76394e-09
1.01882e-05 1.59771e-05 8.43584e-07 9.77208e-06 -5.7599e-06 -5.69539e-06 3.44912e-07 -2.07177e-07 -1.34468e-07
5.62931e-06 2.39593e-05 3.81195e-06 1.62241e-05 -3.14737e-06 -2.27367e-06 5.67735e-07 -1.24352e-07 5.98868e-09
1.4181e-05 2.07341e-05 2.10624e-06 1.51736e-05 -7.5128e-06 -2.90952e-06 5.32037e-07 -2.75939e-07 -2.40484e-08
-1.46007e-06 1.6878e-05 -1.42063e-06 1.27635e-05 1.10427e-06 -1.0699e-06 4.49489e-07 4.38668e-08 2.43214e-08
1.69751e-05 1.58265e-05 -1.95917e-06 1.10244e-05 -6.64301e-06 -2.7968e-06 3.88441e-07 -2.36978e-07 -3.31188e-08
2.67447e-06 1.45252e-05 9.39417e-07 1.06042e-05 -1.09248e-06 -3.64161e-06 3.71583e-07 -4.3309e-08 -6.6513e-08
1.78886e-07 9.52548e-06 2.66633e-06 7.25501e-06 -2.57868e-06 -3.44785e-06 2.53691e-07 -9.49308e-08 -8.20793e-08
-1.26957e-06 7.26669e-06 3.04762e-06 7.68679e-06 1.2018e-06 -4.94347e-06 2.65127e-07 3.20635e-08 -1.40653e-07
-9.28593e-06 6.38308e-06 -1.17108e-06 5.49472e-06 8.36119e-06 1.3929e-06 1.91458e-07 2.95162e-07 6.67447e-08
-3.52093e-06 2.58235e-06 -2.20326e-06 5.97467e-07 3.33271e-06 -4.86138e-06 2.32351e-08 1.22895e-07 -1.53558e-07
-8.51481e-06 -4.40079e-06 -2.03565e-06 -4.7083e-06 4.59008e-06 -2.96887e-06 -1.62761e-07 1.71661e-07 -1.16448e-07
-2.1087e-05 -7.86289e-06 -5.59232e-06 -1.00065e-05 1.75993e-05 9.29681e-06 -3.44025e-07 6.33156e-07 2.78801e-07
-1.17907e-05 -4.00567e-06 -1.77266e-06 -6.69547e-06 1.25527e-05 1.44002e-06 -2.2873e-07 4.40265e-07 3.24866e-08
-1.11494e-05 -5.58723e-06 -5.70258e-07 -9.52219e-06 1.00984e-05 7.16335e-07 -3.24626e-07 3.52512e-07 1.86853e-09
3.32545e-07 -1.20803e-05 -2.74306e-06 -1.44643e-05 2.72962e-06 -6.38979e-06 -4.97726e-07 9.86406e-08 -2.55676e-07
-2.01884e-05 -1.6143e-05 -1.79891e-06 -1.26187e-05 1.12856e-05 3.73208e-06 -4.43821e-07 4.08901e-07 6.77614e-08
-5.75412e-06 -1.26915e-05 -1.74254e-06 -1.13627e-05 4.0073e-06 5.27657e-07 -3.94175e-07 1.45514e-07 -3.03495e-08
-1.72189e-05 -7.37656e-06 -5.14273e-06 -8.55808e-06 1.02869e-05 3.47903e-06 -2.97743e-07 3.88476e-07 8.85157e-08
-1.64596e-05 3.97835e-06 3.7333e-07 4.22086e-06 1.16928e-05 8.39964e-06 1.46067e-07 4.12449e-07 2.9396e-07
-2.17954e-05 1.05146e-05 2.37635e-07 9.6604e-06 1.88406e-05 1.11112e-05 3.36509e-07 6.58721e-07 4.10649e-07
-6.10065e-06 1.30764e-05 1.21618e-07 9.31644e-06 7.25963e-06 4.758e-06 3.30485e-07 2.5176e-07 2.10212e-07
-2.1262e-06 1.2506e-05 4.29439e-06 1.24447e-05 1.92342e-06 1.40239e-06 4.32201e-07 5.20012e-08 9.40966e-08
-7.88299e-07 1.58406e-05 7.04492e-06 1.51513e-05 1.65601e-06 1.24593e-06 5.23495e-07 3.15537e-08 9.99661e-08
-6.9586e-06 1.86811e-05 8.18788e-06 1.53562e-05 4.84617e-06 1.80371e-06 5.38146e-07 1.3963e-07 1.35326e-07
-8.12198e-06 1.35665e-05 2.93715e-06 8.95553e-06 7.25859e-06 5.909e-06 3.14174e-07 2.41656e-07 2.43123e-07
-3.05464e-06 1.26868e-05 5.67744e-06 9.04876e-06 -2.09816e-09 -6.90787e-07 3.15174e-07 -1.57962e-08 2.12399e-08
-9.24654e-06 1.04326e-05 3.4293e-06 6.55704e-06 3.90613e-06 1.11773e-06 2.31494e-07 1.30677e-07 7.28402e-08
-6.47599e-06 2.00906e-05 4.44846e-06 1.00714e-05 3.77053e-06 1.02472e-06 3.5884e-07 1.18508e-07 1.01782e-07
3.9689e-06 1.09706e-05 4.57931e-06 7.11863e-06 -2.2419e-06 -1.14531e-06 2.50749e-07 -9.50953e-08 -1.07755e-09
6.81505e-06 1.58131e-05 3.66042e-06 8.93104e-06 -6.54047e-06 -4.57963e-06 3.16822e-07 -2.38604e-07 -9.84331e-08
7.85265e-07 1.33861e-05 4.45015e-06 8.72528e-06 -5.31934e-07 -3.87819e-06 3.0645e-07 -3.39842e-08 -8.30095e-08
3.08579e-06 9.93635e-06 4.791e-06 5.44938e-06 -2.49523e-06 -5.72383e-06 1.93983e-07 -1.03228e-07 -1.56556e-07
3.00917e-06 4.31736e-06 4.52637e-06 3.89245e-06 -1.70714e-06 -3.03309e-06 1.34469e-07 -7.63055e-08 -8.53842e-08
2.10483e-06 7.99557e-06 8.63876e-08 3.4706e-06 -1.32162e-06 -5.8024e-06 1.26624e-07 -4.69499e-08 -1.62879e-07
9.97454e-06 1.02936e-05 4.2702e-06 4.9187e-06 -4.41845e-06 -7.32293e-06 1.7952e-07 -1.7882e-07 -2.02102e-07
-5.72472e-07 -4.72101e-06 1.29365e-06 -1.9227e-06 -2.92995e-08 -1.70556e-06 -7.07528e-08 -5.16937e-09 -7.41019e-08
3.74156e-06 -6.39768e-06 -2.307e-06 -2.55247e-06 -2.14825e-06 -6.83263e-07 -9.20822e-08 -6.79693e-08 -4.48142e-08
4.88145e-06 -1.7287e-05 -2.30574e-06 -9.12803e-06 -3.90656e-06 -1.17959e-06 -3.28995e-07 -1.284e-07 -1.10576e-07
-1.86156e-06 -1.07666e-05 -1.34577e-06 -4.7461e-06 -2.04649e-09 -1.45191e-06 -1.72898e-07 7.25502e-09 -9.06463e-08
-1.04478e-06 -8.30381e-06 2.32107e-06 -3.49655e-06 1.75776e-06 -1.80969e-06 -1.25706e-07 4.97816e-08 -9.32313e-08
3.0797e-06 -6.40216e-06 1.79272e-06 -2.20028e-06 -1.33819e-06 -2.20309e-06 -8.12125e-08 -5.62455e-08 -9.91896e-08
-1.04365e-05 -1.67094e-05 2.10897e-06 -7.85407e-06 3.4173e-06 -8.03014e-07 -2.83921e-07 1.18279e-07 -8.943e-08
-1.24746e-07 -1.88439e-05 3.39908e-06 -9.20807e-06 2.48023e-07 3.69992e-07 -3.33245e-07 -6.80641e-09 -6.11699e-08
-2.55811e-06 -2.83089e-05 -5.71368e-07 -1.33268e-05 3.30208e-07 7.47032e-07 -4.76605e-07 1.32608e-08 -7.58161e-08
8.72626e-06 -2.79796e-05 1.80902e-06 -1.31954e-05 -4.28313e-06 -1.07253e-06 -4.75081e-07 -1.6279e-07 -1.31169e-07
4.70463e-06 -2.65504e-05 4.05998e-06 -1.20122e-05 -2.90201e-06 -2.68226e-06 -4.30791e-07 -1.18999e-07 -1.81683e-07
7.7004e-06 -1.5751e-05 -2.60772e-06 -9.74412e-06 -4.34418e-06 -4.22735e-06 -3.44396e-07 -1.47234e-07 -1.9311e-07
1.12285e-05 -1.58483e-05 -3.76612e-06 -8.56093e-06 -5.83651e-06 -5.65603e-06 -3.03864e-07 -1.96636e-07 -2.40069e-07
1.33533e-05 -1.58838e-05 -1.47857e-06 -9.60195e-06 -5.52007e-06 -5.02635e-06 -3.39165e-07 -1.97091e-07 -2.1644e-07
1.43288e-05 -1.69844e-05 -2.48811e-06 -7.8488e-06 -6.66852e-06 -2.13366e-06 -2.82188e-07 -2.3279e-07 -1.25585e-07
4.64164e-06 -1.64327e-05 -3.63187e-06 -7.2313e-06 -3.99217e-06 7.66657e-07 -2.6047e-07 -1.27098e-07 -2.93907e-08
9.70755e-06 -1.7747e-05 -1.00879e-06 -1.02194e-05 -4.80238e-06 -2.48948e-06 -3.62877e-07 -1.69232e-07 -1.44903e-07
4.50417e-06 -1.72369e-05 -2.31276e-06 -9.76778e-06 -3.6527e-06 -2.03411e-06 -3.47811e-07 -1.19624e-07 -1.28511e-07
1.04434e-05 -2.56455e-05 2.86792e-06 -1.47603e-05 -5.29539e-06 -1.85713e-06 -5.23308e-07 -2.00432e-07 -1.58573e-07
2.86103e-05 -1.46973e-05 4.14432e-06 -8.82924e-06 -1.4463e-05 3.85674e-08 -3.13673e-07 -5.33952e-07 -4.92984e-08
3.39916e-06 -7.33897e-06 2.96479e-06 -2.90139e-06 -4.20062e-06 3.41669e-07 -1.07556e-07 -1.5641e-07 -1.72296e-08
7.32803e-06 -5.72359e-06 1.6955e-06 -4.40576e-06 -6.1963e-06 1.48817e-06 -1.5443e-07 -2.22801e-07 2.77709e-08
1.108e-05 -8.38077e-07 4.25119e-06 -3.71665e-07 -5.88051e-06 7.79168e-07 -1.40814e-08 -2.30576e-07 2.36354e-08
5.96088e-06 7.15122e-06 5.62862e-06 2.20469e-06 -5.76387e-06 1.2701e-06 8.20495e-08 -2.23816e-07 7.36736e-08
3.77195e-06 4.40984e-06 7.41324e-06 2.83425e-06 -4.08804e-06 2.03581e-07 9.8674e-08 -1.67802e-07 2.33458e-08
-1.15849e-07 3.93666e-06 1.91087e-06 2.60575e-06 -2.48965e-06 2.17225e-06 9.09477e-08 -8.89879e-08 8.51291e-08
-3.75791e-07 5.74929e-06 1.42169e-06 2.45077e-06 -2.33623e-06 9.4422e-07 8.79505e-08 -8.21727e-08 5.08914e-08
7.31588e-07 7.70811e-06 6.48192e-07 5.9521e-06 -4.60356e-07 -7.99448e-07 2.06962e-07 -1.84035e-08 -1.50406e-09
-1.12129e-05 1.78733e-06 1.27569e-06 5.15142e-07 5.17214e-06 8.58888e-07 1.95616e-08 1.82225e-07 3.49577e-08
1.85467e-06 1.97609e-05 2.37409e-06 1.00918e-05 -4.5375e-07 5.28221e-07 3.61498e-07 -2.67926e-08 9.2207e-08
2.78339e-06 1.88858e-05 4.78252e-06 8.39195e-06 -1.93763e-06 5.47794e-08 3.04951e-07 -8.83047e-08 7.96983e-08
8.49111e-06 8.80378e-06 3.09558e-06 4.77868e-06 -4.04198e-06 -2.94558e-06 1.70996e-07 -1.59009e-07 -6.15879e-08
1.23278e-05 2.41549e-05 1.15958e-06 1.18934e-05 -8.11903e-06 -3.27116e-06 4.30669e-07 -2.92442e-07 -1.92541e-08
-2.9234e-06 3.07785e-05 1.54206e-06 1.52804e-05 -2.41209e-08 -4.84262e-06 5.45118e-07 -3.1807e-09 -4.71463e-08
-2.32967e-06 2.89752e-05 9.82718e-07 1.41502e-05 -3.12962e-06 -3.87267e-06 5.08502e-07 -1.04339e-07 -2.83803e-08
1.00156e-05 3.07158e-05 2.98552e-06 1.48187e-05 -5.92139e-06 -1.71509e-06 5.26631e-07 -2.18701e-07 5.31722e-08
8.92182e-06 1.7808e-05 -6.88716e-08 8.50911e-06 -6.0828e-06 -2.56027e-06 3.01797e-07 -2.11404e-07 -2.54751e-08
8.40975e-06 2.04543e-05 5.34864e-07 9.62212e-06 -5.83559e-06 -5.76218e-07 3.41518e-07 -2.04522e-07 4.60307e-08
3.2515e-06 1.53464e-05 2.73268e-06 8.06579e-06 -4.36462e-06 1.6745e-06 2.84709e-07 -1.57041e-07 1.02973e-07
-4.1649e-06 1.77116e-05 1.87787e-06 1.14169e-05 6.90349e-08 1.23952e-06 3.96555e-07 4.756e-10 9.60519e-08
-5.04062e-06 1.25781e-06 2.03623e-06 1.39297e-06 3.23491e-06 -6.40299e-07 4.73189e-08 1.06384e-07 -1.8073e-08
-7.61145e-06 8.68815e-06 4.73481e-06 5.22478e-06 4.40321e-06 -4.00917e-06 1.8293e-07 1.38256e-07 -1.03491e-07
-8.94005e-06 3.30269e-06 3.55243e-06 3.51518e-06 1.99038e-06 5.2958e-06 1.20488e-07 6.50203e-08 1.86301e-07
-5.73605e-06 -5.002e-06 8.43603e-06 -1.56627e-06 3.9504e-06 2.93795e-06 -6.01866e-08 1.08643e-07 7.87678e-08
-1.20136e-05 -3.40258e-06 2.61108e-06 -1.97779e-06 4.9166e-06 1.69697e-06 -7.03732e-08 1.6955e-07 4.30432e-08
-1.56126e-06 -1.07402e-05 5.0026e-06 -4.75105e-06 1.71261e-07 3.11791e-06 -1.71013e-07 -1.06142e-08 6.48756e-08
6.85545e-06 5.99435e-06 -2.61029e-06 2.71557e-06 -6.85821e-06 -6.64554e-07 9.87452e-08 -2.26096e-07 4.07485e-09
2.45365e-06 -1.82798e-07 -9.57894e-07 -7.9999e-07 -3.50709e-06 2.27082e-06 -2.66029e-08 -1.15902e-07 7.53402e-08
7.62323e-06 -1.26154e-06 -2.30687e-06 -2.14952e-06 -2.30887e-06 -1.71523e-07 -7.25084e-08 -7.88509e-08 -7.92054e-09
6.42494e-06 7.23193e-06 -1.21287e-07 1.45448e-06 -4.35573e-06 -6.20538e-06 5.87252e-08 -1.53659e-07 -1.74839e-07
-3.35062e-07 -5.15919e-06 -5.67181e-07 -6.03832e-06 -2.86659e-06 -1.20199e-06 -2.08095e-07 -9.26126e-08 -6.03586e-08
-4.33944e-06 -1.02794e-05 -5.95231e-06 -7.43561e-06 -7.96659e-07 2.26251e-06 -2.58985e-07 1.47587e-09 3.53517e-08
-1.76515e-07 -1.52158e-05 -3.19461e-06 -6.97485e-06 -6.89624e-07 4.89972e-06 -2.49776e-07 -1.18269e-08 1.10682e-07
3.66316e-06 -1.53545e-05 -3.845e-06 -7.28971e-06 -4.80441e-06 2.63211e-06 -2.5768e-07 -1.50777e-07 3.67426e-08
-1.37424e-05 -2.25143e-05 -2.52802e-06 -7.39644e-06 3.52685e-06 8.46457e-06 -2.77321e-07 1.44363e-07 2.105e-07
-6.58165e-06 -2.11035e-05 -2.30108e-06 -7.92647e-06 2.77941e-07 7.83533e-06 -2.85485e-07 2.42031e-08 1.8571e-07
-2.17386e-05 -1.66954e-05 8.77059e-07 -6.82137e-06 6.78733e-06 6.65428e-06 -2.4903e-07 2.51477e-07 1.57034e-07
-1.45283e-05 -1.40544e-05 2.06216e-07 -6.28415e-06 3.99942e-06 4.33339e-06 -2.22837e-07 1.46618e-07 8.8901e-08
-1.06353e-05 -2.05382e-05 -2.26035e-06 -6.99171e-06 1.7665e-06 5.01096e-06 -2.57156e-07 7.98737e-08 9.19666e-08
-9.91958e-06 -1.99878e-05 -3.55611e-06 -7.45797e-06 1.40703e-06 5.78857e-06 -2.66796e-07 6.86543e-08 1.22774e-07
-1.0922e-05 -2.63516e-05 -1.16983e-06 -1.01362e-05 6.80993e-07 5.57945e-06 -3.65839e-07 3.87893e-08 1.03196e-07
4.98418e-06 -1.58011e-05 -1.00368e-07 -6.24507e-06 -3.20093e-06 3.40654e-06 -2.25416e-07 -1.12004e-07 5.41926e-08
9.20968e-06 -1.65257e-05 -3.7346e-06 -8.55109e-06 -4.79001e-06 3.81169e-06 -2.99897e-07 -1.55858e-07 7.09199e-08
-1.15701e-06 -2.02714e-05 -6.05526e-07 -8.56522e-06 -2.83391e-06 6.20951e-06 -3.071e-07 -9.04913e-08 1.30838e-07
1.2304e-06 -1.60009e-05 2.06979e-07 -8.11905e-06 -1.95253e-06 1.82296e-06 -2.89381e-07 -6.70085e-08 6.31452e-09
-4.59782e-07 -1.36453e-05 1.08862e-06 -6.76408e-06 -1.73191e-06 4.3627e-06 -2.44037e-07 -6.10753e-08 9.24139e-08
-9.94857e-06 -1.39106e-05 -2.73594e-07 -5.62767e-06 8.74383e-07 5.82538e-06 -2.05948e-07 4.27213e-08 1.52023e-07
-6.0221e-06 -4.00344e-06 -4.46513e-06 -4.45872e-07 -1.84237e-06 2.29469e-06 -1.85751e-08 -3.79119e-08 6.00401e-08
5.8256e-07 -7.61088e-07 -3.28149e-06 1.02818e-06 -3.44065e-06 1.17946e-06 3.38185e-08 -1.03886e-07 3.6707e-08
-4.8169e-06 -8.72048e-07 -2.88348e-06 9.8203e-07 -1.05211e-06 2.11203e-06 3.22052e-08 -2.02954e-08 6.64879e-08
-2.89083e-06 1.16083e-05 -2.01849e-07 6.86067e-06 7.42912e-07 -1.58733e-06 2.43731e-07 2.93645e-08 -1.05102e-08
-5.79781e-06 1.03523e-05 -1.4625e-06 7.83933e-06 5.04377e-07 -1.26306e-06 2.7607e-07 3.10806e-08 -2.1759e-09
-1.05447e-05 1.65326e-05 3.4377e-06 1.19619e-05 1.999e-06 3.48585e-06 4.14686e-07 6.51125e-08 1.75674e-07
8.75246e-07 1.72004e-05 9.03552e-09 9.71085e-06 -9.60557e-07 -1.38195e-07 3.46958e-07 -3.30907e-08 5.62796e-08
-4.61374e-06 2.81493e-05 1.77776e-06 1.62753e-05 1.79703e-06 -1.14468e-06 5.75198e-07 5.86624e-08 7.38431e-08
-5.31545e-06 2.76973e-05 5.62062e-06 1.43878e-05 1.55921e-06 -6.50967e-07 5.18046e-07 3.73025e-08 8.93224e-08
-4.40546e-07 2.58214e-05 5.80775e-06 1.13175e-05 3.86796e-06 -4.2064e-06 4.11911e-07 1.06102e-07 -3.60176e-08
-8.68835e-06 3.05271e-05 4.17043e-06 1.60703e-05 4.02465e-06 -3.63775e-06 5.72304e-07 1.28724e-07 -2.35428e-09
-1.85238e-05 2.45448e-05 2.00014e-06 1.28737e-05 6.54622e-06 -4.2015e-06 4.62298e-07 2.36093e-07 -4.5229e-08
-2.00533e-05 3.56697e-05 4.27605e-06 1.94773e-05 7.43958e-06 -1.01975e-05 6.91803e-07 2.55087e-07 -1.95718e-07
-1.06999e-05 5.15749e-05 1.45179e-06 2.50962e-05 3.07326e-06 -1.47315e-05 9.06324e-07 1.11645e-07 -2.95287e-07
-1.54135e-05 4.44395e-05 -4.20111e-07 2.21811e-05 5.23199e-06 -1.47792e-05 8.08898e-07 2.00271e-07 -3.16117e-07
-1.43077e-05 2.20591e-05 1.66903e-06 1.07184e-05 6.34386e-06 -6.79764e-06 3.85524e-07 2.23803e-07 -1.44518e-07
-1.68807e-05 3.81054e-05 4.19701e-07 2.1631e-05 7.91269e-06 -1.03619e-05 7.66192e-07 2.82466e-07 -2.14659e-07
-5.82238e-07 3.78995e-05 5.00209e-06 1.97132e-05 -9.52565e-08 -7.77343e-06 7.00506e-07 -1.91406e-08 -1.31762e-07
2.52842e-06 3.5957e-05 7.19082e-07 1.84363e-05 -8.15801e-07 -8.25428e-06 6.57847e-07 -3.28065e-08 -1.46749e-07
1.3951e-06 2.98294e-05 1.87531e-06 1.73153e-05 3.20846e-07 -5.45019e-06 6.12151e-07 2.24919e-09 -7.41754e-08
-7.16839e-06 2.23176e-05 -1.72145e-06 1.20763e-05 4.18285e-06 -5.19146e-06 4.29763e-07 1.54288e-07 -9.38074e-08
-2.42135e-05 -3.46021e-06 2.43667e-06 -1.21915e-06 1.09793e-05 -2.44493e-06 -4.56195e-08 3.88376e-07 -9.89263e-08
-2.34962e-05 -4.39833e-06 9.38787e-07 -2.45953e-06 9.01335e-06 -1.35575e-06 -8.8857e-08 3.33291e-07 -6.79724e-08
-2.7667e-05 -1.53127e-05 8.72546e-07 -7.84007e-06 1.38911e-05 -3.68792e-06 -2.81377e-07 4.95614e-07 -1.8184e-07
-2.69898e-05 -1.79256e-05 -1.82352e-06 -9.81343e-06 1.16412e-05 -1.88265e-06 -3.49307e-07 4.29967e-07 -1.40317e-07
-2.66224e-05 -1.95882e-05 3.23331e-06 -1.01436e-05 1.24443e-05 1.15994e-07 -3.65486e-07 4.39721e-07 -7.35442e-08
-1.24742e-05 -3.4395e-05 -2.29269e-06 -1.73755e-05 5.48125e-06 5.67142e-06 -6.20348e-07 2.05568e-07 7.13842e-08
8.97412e-07 -2.85044e-05 -2.38469e-06 -1.42928e-05 -1.84491e-06 6.58807e-06 -5.10611e-07 -5.43548e-08 1.21612e-07
-5.15834e-06 -3.5449e-05 -1.27837e-06 -1.88473e-05 1.36102e-07 6.46738e-06 -6.70853e-07 1.5449e-08 8.94261e-08
2.87112e-06 -2.78305e-05 3.01875e-06 -1.32625e-05 -3.19511e-06 1.22345e-05 -4.75717e-07 -1.19765e-07 3.14853e-07
-6.86801e-06 -2.65735e-05 4.31264e-06 -1.22189e-05 2.0377e-06 1.17975e-05 -4.42401e-07 6.1363e-08 2.95777e-07
-3.381e-06 -2.68588e-05 1.89343e-06 -1.26107e-05 5.63197e-07 1.34015e-05 -4.56611e-07 1.60329e-08 3.42036e-07
-4.54374e-06 -2.58259e-05 7.67483e-07 -1.13288e-05 8.95761e-07 1.05565e-05 -4.1324e-07 3.3212e-08 2.52453e-07
-2.16483e-06 -2.4128e-05 -4.13296e-08 -9.78333e-06 5.77498e-07 1.45379e-05 -3.68614e-07 2.31984e-08 3.88685e-07
-2.74402e-06 -1.16551e-05 -4.44202e-07 -5.64396e-06 1.85483e-06 1.09947e-05 -2.03465e-07 6.69805e-08 3.23644e-07
-1.30756e-05 -1.1205e-05 1.33294e-06 -4.83367e-06 5.08689e-06 1.216e-05 -1.7766e-07 1.83968e-07 3.63198e-07
3.50139e-06 2.847e-06 2.76629e-06 4.05049e-06 -1.74966e-06 1.14224e-05 1.38881e-07 -7.34817e-08 3.90204e-07
-1.44776e-05 2.81767e-06 1.9422e-07 2.95601e-06 6.22422e-06 1.11428e-05 1.01932e-07 2.24996e-07 3.79296e-07
-3.52063e-06 1.47362e-05 1.77872e-06 7.9514e-06 2.44268e-06 1.04137e-05 2.82629e-07 7.93078e-08 3.97831e-07
-1.12762e-05 1.23501e-05 -2.80813e-07 7.16139e-06 4.23571e-06 1.49025e-05 2.52906e-07 1.5525e-07 5.38284e-07
-9.05542e-06 1.76696e-05 -2.10426e-06 9.60243e-06 2.8316e-06 1.57682e-05 3.41463e-07 1.12573e-07 5.832e-07
-3.41155e-06 2.68064e-05 -2.18048e-06 1.53813e-05 8.43584e-07 1.70022e-05 5.4451e-07 3.96955e-08 6.5707e-07
3.84206e-06 2.45366e-05 -1.53981e-06 1.3117e-05 -1.99083e-06 1.69997e-05 4.67561e-07 -6.60212e-08 6.47295e-07
1.46638e-05 1.47152e-05 -2.98451e-06 8.74908e-06 -8.63461e-06 8.23725e-06 3.10054e-07 -2.95299e-07 3.27218e-07
5.05612e-06 2.47598e-05 -5.46008e-06 1.3987e-05 -3.16816e-06 7.53202e-06 4.95868e-07 -9.26816e-08 3.36244e-07
9.28053e-06 1.77038e-05 4.84558e-07 1.1143e-05 -3.17634e-06 6.57213e-06 3.90646e-07 -1.17547e-07 2.79254e-07
1.52899e-05 1.92904e-05 4.23197e-07 1.10447e-05 -6.39316e-06 7.81844e-06 3.91691e-07 -2.3261e-07 3.26039e-07
2.32005e-05 2.24781e-05 -3.02254e-07 1.24556e-05 -1.05763e-05 9.61446e-06 4.4295e-07 -3.7898e-07 3.92471e-07
1.89102e-05 1.3335e-05 1.14953e-06 8.15982e-06 -8.91582e-06 7.78177e-06 2.90783e-07 -3.25984e-07 3.04379e-07
3.80921e-06 1.42058e-05 4.30535e-06 7.12348e-06 -1.76378e-06 6.12082e-06 2.5592e-07 -7.81994e-08 2.55487e-07
4.53342e-06 1.56524e-05 5.95052e-06 8.6943e-06 -2.03538e-06 4.52156e-06 3.08929e-07 -9.2403e-08 2.04696e-07
1.31166e-05 7.26946e-06 4.93999e-08 3.82956e-06 -5.37344e-06 -1.24975e-06 1.36908e-07 -1.94229e-07 -1.36311e-08
7.6422e-06 8.72827e-06 2.35158e-06 3.90604e-06 -2.72359e-06 1.09084e-07 1.43777e-07 -1.09146e-07 3.39431e-08
-2.6181e-07 -4.70363e-06 6.75616e-06 -2.54099e-06 1.25516e-06 -1.00808e-07 -9.1431e-08 1.89166e-08 -1.85644e-08
3.17346e-06 -1.58083e-05 9.62028e-07 -7.95278e-06 -1.28079e-06 3.46817e-08 -2.8632e-07 -5.17041e-08 -5.26143e-08
-6.88324e-06 -1.67115e-05 -2.60632e-06 -8.85661e-06 1.70976e-06 1.92173e-06 -3.15629e-07 7.28848e-08 4.45217e-09
-5.31959e-06 -5.42536e-06 8.52596e-07 -3.02663e-06 2.5177e-06 2.10171e-06 -1.07786e-07 8.70227e-08 4.93558e-08
7.27768e-06 -9.65624e-07 -6.17768e-07 -3.92757e-07 -5.25429e-06 -3.10728e-06 -1.44437e-08 -1.83522e-07 -1.05733e-07
-4.94883e-06 5.633e-06 -1.54241e-06 2.75011e-06 2.15066e-06 -1.14651e-06 9.91101e-08 8.51809e-08 -1.47319e-08
-1.76072e-05 -7.3232e-06 -3.10727e-06 -4.63049e-06 7.90219e-06 9.45304e-07 -1.63242e-07 2.98344e-07 -8.4838e-11
-3.75604e-06 -8.30677e-06 -4.63897e-06 -6.25138e-06 1.81343e-06 1.28559e-07 -2.19981e-07 8.41106e-08 -2.95043e-08
-1.27229e-05 -1.37923e-05 -4.23285e-06 -8.20383e-06 5.16729e-06 2.4751e-06 -2.9229e-07 2.05967e-07 2.72014e-08
-1.42651e-06 -1.19489e-05 -9.31381e-07 -7.87639e-06 -6.44225e-08 -3.13615e-07 -2.77662e-07 2.78571e-09 -5.342e-08
-4.15772e-06 -1.31655e-05 -2.34228e-06 -7.90883e-06 2.82311e-06 -6.0625e-07 -2.79142e-07 1.06766e-07 -6.65988e-08
-1.92851e-06 -8.4226e-06 -1.15717e-06 -5.31564e-06 -1.33667e-06 2.10013e-06 -1.87155e-07 -3.82325e-08 3.89933e-08
-5.40251e-06 -9.83596e-06 -4.96426e-06 -7.19422e-06 2.02652e-06 -9.06807e-08 -2.51869e-07 9.00605e-08 -3.55904e-08
-1.77194e-05 7.06474e-06 1.31407e-06 4.44925e-06 8.6502e-06 1.69118e-06 1.56514e-07 3.05937e-07 7.88129e-08
-3.40103e-05 1.70285e-06 -1.83285e-06 2.06973e-08 1.61998e-05 6.78926e-06 2.52733e-09 5.89014e-07 2.26774e-07
-2.31617e-05 6.19212e-06 -4.85439e-07 1.89924e-06 1.11105e-05 -7.5328e-07 7.14507e-08 4.0433e-07 -4.24108e-09
-1.35604e-05 1.11449e-06 2.56176e-06 -9.64155e-08 5.62147e-06 2.73441e-06 -2.00318e-09 1.96646e-07 9.35098e-08
-1.01579e-05 1.92541e-07 2.04017e-06 -1.18175e-06 3.30733e-06 3.81518e-06 -3.92125e-08 1.17341e-07 1.26654e-07
-2.09417e-06 9.93868e-06 9.87185e-06 5.25903e-06 -2.00236e-06 2.14035e-06 1.88179e-07 -9.65122e-08 1.05627e-07
3.63667e-06 2.93733e-05 7.79892e-06 1.5533e-05 -4.06352e-06 -1.00021e-06 5.53708e-07 -1.6566e-07 7.55222e-08
8.88965e-07 3.25451e-05 7.20524e-06 1.69495e-05 -3.03459e-06 3.26388e-06 6.04215e-07 -1.24063e-07 2.22396e-07
-5.36553e-06 2.00387e-05 6.78501e-06 1.05839e-05 -4.56994e-07 7.40748e-06 3.76851e-07 -3e-08 3.15196e-07
-3.00975e-06 1.55899e-05 1.00508e-05 7.60957e-06 8.39482e-07 2.16708e-06 2.72194e-07 -1.7792e-09 1.26218e-07
-5.43778e-06 7.24543e-08 4.76185e-06 -4.6021e-07 -1.35292e-06 1.17042e-05 -1.64592e-08 -5.52503e-08 3.88136e-07
-1.99439e-05 -1.31414e-06 2.00809e-06 -1.63809e-06 6.75723e-06 1.20085e-05 -5.71369e-08 2.46833e-07 3.87299e-07
-1.1454e-05 -3.28355e-08 4.2013e-06 -1.29163e-06 5.41351e-06 1.95336e-06 -4.3714e-08 1.80479e-07 6.28433e-08
-2.94582e-06 3.23863e-06 1.40447e-06 9.37618e-07 1.44268e-07 1.80877e-06 3.59411e-08 3.9354e-09 7.23131e-08
-1.67748e-05 -9.30073e-07 -2.81425e-08 -4.11029e-06 6.73654e-06 5.496e-06 -1.37921e-07 2.48928e-07 1.76738e-07
-9.44702e-06 -7.65168e-06 -1.04115e-06 -7.44305e-06 5.46623e-06 2.18154e-06 -2.58117e-07 1.98838e-07 4.41113e-08
-8.60155e-07 -2.4273e-05 -3.00638e-06 -1.64043e-05 -1.524e-06 7.29433e-07 -5.7727e-07 -3.91782e-08 -5.88369e-08
-1.259e-05 -2.27099e-05 -3.76157e-06 -1.70107e-05 6.15647e-06 2.99524e-06 -5.92808e-07 2.32696e-07 2.3326e-08
-1.16326e-06 -3.19516e-05 -8.19521e-06 -2.08115e-05 -1.85297e-07 3.82041e-07 -7.35499e-07 2.48533e-08 -1.00928e-07
-6.40295e-06 -4.06559e-05 -1.22168e-05 -2.75259e-05 2.81032e-06 3.63325e-06 -9.7054e-07 1.45849e-07 -2.29566e-08
-2.60571e-06 -2.7341e-05 -5.65388e-06 -1.66977e-05 -1.92858e-07 1.13244e-06 -5.94036e-07 1.78748e-08 -6.04071e-08
-9.38417e-07 -1.7231e-05 -6.74478e-06 -1.13559e-05 8.21924e-08 -7.86557e-07 -4.02363e-07 2.97428e-08 -9.21704e-08
8.05513e-06 -2.87967e-05 -7.90728e-06 -1.83753e-05 -4.64215e-06 1.71779e-06 -6.42082e-07 -1.31303e-07 -5.96303e-08
-2.29089e-06 -2.64932e-05 -6.34305e-06 -1.68877e-05 6.3472e-07 -3.38586e-07 -6.04129e-07 4.88328e-08 -1.12526e-07
7.1871e-06 -2.67555e-05 -8.20909e-06 -1.54321e-05 -4.49122e-06 4.7456e-06 -5.53278e-07 -1.29514e-07 5.7496e-08
-8.49135e-06 -2.68174e-05 -5.79268e-06 -1.6068e-05 1.71854e-06 3.97139e-06 -5.72552e-07 9.14592e-08 2.77177e-08
-2.45224e-06 -9.34689e-06 -6.88258e-07 -7.73132e-06 2.98388e-07 2.19283e-06 -2.69948e-07 1.52781e-08 4.11923e-08
-1.06133e-05 -1.81361e-05 -2.62562e-06 -1.20744e-05 2.57069e-06 3.15814e-06 -4.26438e-07 1.07275e-07 4.72159e-08
4.29523e-07 -7.89767e-06 -2.6767e-06 -6.30109e-06 6.63917e-07 -1.86249e-06 -2.19478e-07 2.96756e-08 -8.74764e-08
7.84748e-07 -2.13591e-07 -4.07074e-06 -2.85126e-06 2.92695e-07 -2.41074e-06 -9.46054e-08 2.14889e-08 -8.08997e-08
5.58231e-06 -1.45048e-06 -4.1417e-06 -3.61359e-06 -8.75746e-07 -2.3031e-06 -1.22348e-07 -2.26545e-08 -8.16528e-08
6.90165e-06 -7.58563e-07 4.13105e-08 -1.83117e-06 -2.10141e-06 -6.12004e-07 -6.17444e-08 -7.98461e-08 -2.25968e-08
6.20117e-06 5.46631e-06 1.09282e-06 1.94546e-06 -1.02038e-06 9.96647e-07 7.37629e-08 -4.69471e-08 5.24844e-08
8.87626e-06 -2.47922e-07 2.9908e-06 -9.12747e-07 -5.15225e-06 1.71047e-06 -3.0956e-08 -1.93767e-07 5.84972e-08
-3.62601e-06 -6.76073e-06 -1.59792e-06 -3.40511e-06 2.05872e-06 1.76116e-06 -1.22638e-07 7.83679e-08 3.4439e-08
-6.40552e-06 -1.67667e-06 2.56282e-07 -2.28553e-06 6.9379e-07 2.80197e-06 -7.84725e-08 3.11532e-08 8.62626e-08
-2.41531e-06 -2.80052e-06 1.63338e-06 -1.71385e-06 7.30986e-07 1.43138e-06 -6.16352e-08 2.16523e-08 3.66813e-08
-4.10962e-06 7.31671e-07 2.20795e-06 3.141e-07 3.4788e-06 1.292e-06 1.11403e-08 1.12951e-07 4.51884e-08
-6.12489e-06 -4.18912e-06 1.39687e-06 -7.14636e-06 2.45205e-06 8.27678e-06 -2.44103e-07 8.51068e-08 2.58127e-07
-8.23275e-06 -8.89765e-06 -2.86477e-07 -9.02508e-06 5.11789e-06 4.56839e-06 -3.13568e-07 1.83375e-07 1.18183e-07
-9.14836e-06 -1.57394e-05 4.15112e-06 -1.61626e-05 6.2934e-06 2.2635e-06 -5.58194e-07 2.06987e-07 2.13384e-08
-6.10469e-06 -1.65505e-05 1.99347e-06 -2.17772e-05 8.6457e-06 -1.65412e-07 -7.45394e-07 2.87831e-07 -6.66783e-08
-6.39066e-06 -2.42704e-05 -1.123e-06 -2.29649e-05 4.59618e-06 -6.01922e-06 -7.96136e-07 1.64972e-07 -2.7821e-07
-2.01294e-06 -2.47023e-05 -7.45269e-07 -2.43301e-05 6.89648e-06 -7.04408e-06 -8.43685e-07 2.34559e-07 -3.16066e-07
-5.98805e-06 -1.47564e-05 -8.22168e-06 -1.32049e-05 9.7823e-06 -8.67876e-06 -4.58382e-07 3.6123e-07 -3.39088e-07
-1.9705e-05 -9.29905e-06 -3.96148e-06 -1.16838e-05 1.75325e-05 -7.51939e-06 -4.01371e-07 6.23771e-07 -2.82841e-07
-2.02369e-05 1.6909e-06 -3.91257e-06 -3.43422e-06 2.14637e-05 -6.10441e-06 -1.11521e-07 7.54214e-07 -1.99821e-07
-2.32799e-05 4.26623e-06 -4.00598e-06 1.3751e-06 2.3589e-05 -2.17244e-06 5.13242e-08 8.2897e-07 -5.74422e-08
-1.96641e-05 7.02525e-07 -5.45845e-06 -1.94773e-06 1.90547e-05 -8.37045e-06 -6.29617e-08 6.79451e-07 -2.78306e-07
-4.7301e-06 8.86152e-06 -2.32654e-06 4.94312e-06 3.6227e-06 -5.74187e-07 1.77337e-07 1.34729e-07 9.33582e-09
-1.94377e-05 -6.01552e-06 -7.43883e-06 -7.18518e-06 2.12685e-05 -1.42242e-05 -2.47622e-07 7.62668e-07 -4.93572e-07
-1.98132e-05 -5.80733e-07 -3.93025e-06 -3.1036e-06 1.7944e-05 -1.17234e-05 -1.03438e-07 6.40388e-07 -3.92644e-07
-2.04395e-05 1.13065e-05 -5.51886e-06 9.27716e-06 1.98579e-05 -1.17233e-06 3.28152e-07 7.17625e-07 6.93999e-09
-2.08613e-05 1.41091e-05 -4.37099e-06 1.18392e-05 1.52413e-05 4.46546e-06 4.13944e-07 5.52584e-07 2.00352e-07
-2.20586e-05 1.49185e-05 5.24104e-07 9.4699e-06 1.2752e-05 -2.03867e-06 3.39098e-07 4.57743e-07 -1.34971e-08
-1.99302e-05 9.91812e-06 4.33309e-06 7.64901e-06 1.27564e-05 1.2677e-06 2.67435e-07 4.3381e-07 8.03305e-08
-2.27262e-05 1.11854e-05 -2.68565e-06 3.92926e-06 1.42771e-05 4.9243e-06 1.47871e-07 5.19203e-07 2.04095e-07
-2.18094e-05 -6.17879e-07 -1.4995e-06 -4.82018e-06 1.57413e-05 6.85647e-07 -1.6109e-07 5.60413e-07 2.03171e-08
-1.4117e-05 -3.17648e-06 -3.94815e-06 -5.79988e-06 1.13207e-05 -5.86074e-07 -1.96674e-07 4.08536e-07 -3.19487e-08
-1.42163e-05 -5.96984e-06 -8.52231e-07 -5.87723e-06 9.06603e-06 5.01675e-07 -2.02998e-07 3.22364e-07 -2.92799e-09
-9.05559e-06 -1.56184e-06 -4.25959e-06 -1.84434e-06 7.24569e-06 2.78727e-06 -6.29549e-08 2.66601e-07 8.6958e-08
-2.12405e-05 -9.74502e-08 -2.74848e-06 1.15044e-07 1.05645e-05 2.68203e-06 3.81766e-09 3.90312e-07 8.93214e-08
-4.20512e-06 -1.36543e-06 -3.28986e-06 -3.37004e-06 2.94276e-06 4.00665e-06 -1.13534e-07 1.14913e-07 1.28126e-07
-1.13372e-05 -8.96678e-06 -3.46093e-06 -9.66342e-06 4.9941e-06 3.35666e-07 -3.32836e-07 1.93976e-07 -2.24002e-08
-9.40416e-06 3.59736e-06 -3.81575e-06 3.42734e-06 9.56247e-06 6.51709e-06 1.19559e-07 3.43627e-07 2.27384e-07
-4.59515e-06 -1.53053e-06 -2.44632e-06 1.45819e-06 5.11063e-06 7.43982e-06 4.69086e-08 1.84811e-07 2.41052e-07
-3.3821e-06 -1.00286e-05 -4.2174e-06 -1.29219e-05 -2.31021e-07 -2.38524e-06 -4.44016e-07 1.14376e-08 -1.13337e-07
8.06033e-06 -6.79654e-06 -3.95785e-06 -8.33557e-06 -3.14225e-06 -2.04772e-06 -2.86084e-07 -1.01549e-07 -9.07084e-08
5.7706e-06 -6.54028e-06 -1.48323e-06 -7.34595e-06 -2.96344e-06 -1.76805e-06 -2.52974e-07 -1.01372e-07 -7.96693e-08
-2.722e-06 3.22725e-06 -1.35188e-06 -1.25141e-06 5.39539e-07 -3.11745e-06 -3.70159e-08 2.64068e-08 -9.27269e-08
-7.44721e-06 4.50761e-06 1.52154e-06 -7.51717e-07 5.64238e-06 -3.06388e-06 -1.87221e-08 1.92417e-07 -8.53897e-08
1.37705e-06 -7.98276e-07 -2.45994e-06 -5.59335e-06 1.57974e-07 -3.86418e-06 -1.87106e-07 1.23719e-08 -1.31376e-07
-7.61987e-06 -1.00376e-05 -4.68304e-06 -1.17667e-05 7.03535e-06 -3.72619e-06 -4.04898e-07 2.61485e-07 -1.60867e-07
-1.14382e-05 -9.82915e-06 -3.7389e-06 -8.05853e-06 6.32011e-06 -2.97091e-06 -2.82229e-07 2.41278e-07 -1.36479e-07
-1.10235e-05 -9.65653e-06 1.67129e-06 -1.1588e-05 5.25816e-06 -6.9376e-06 -4.00265e-07 1.85439e-07 -2.69492e-07
-2.48308e-06 -1.39897e-05 2.06299e-06 -1.51439e-05 -3.95531e-06 -7.68931e-06 -5.21019e-07 -1.36225e-07 -3.08772e-07
-6.83507e-06 -1.02275e-05 2.40694e-06 -8.79234e-06 -8.8429e-09 -1.73641e-06 -3.04575e-07 -4.5617e-10 -9.3546e-08
-6.9273e-09 -7.26789e-06 1.93749e-06 -8.54856e-06 -3.04227e-06 -5.42173e-06 -2.94436e-07 -1.07676e-07 -2.04782e-07
-9.26276e-07 -1.28062e-05 1.53753e-06 -1.19715e-05 -2.73261e-06 -6.08059e-06 -4.12731e-07 -9.46444e-08 -2.42823e-07
-1.49493e-06 -1.23079e-05 2.7046e-06 -1.20115e-05 -2.77333e-06 -5.72338e-06 -4.14114e-07 -9.93522e-08 -2.31012e-07
-1.46474e-06 -1.17253e-05 4.40538e-06 -9.9546e-06 -4.13913e-06 -7.01988e-06 -3.45426e-07 -1.5038e-07 -2.72226e-07
4.67449e-06 -1.3849e-05 1.5109e-06 -1.29001e-05 -8.55877e-06 -1.12017e-05 -4.47767e-07 -2.95971e-07 -4.19065e-07
2.319e-06 -6.45842e-06 -2.50168e-06 -5.74003e-06 -5.09339e-06 -5.95662e-06 -2.00587e-07 -1.63657e-07 -2.21677e-07
2.32457e-07 -2.79242e-06 -2.00823e-07 -4.56157e-06 -3.95633e-06 -5.65796e-06 -1.55574e-07 -1.3107e-07 -1.99056e-07
1.45608e-06 -5.34734e-06 -4.93689e-07 -6.69867e-06 -4.62243e-06 -6.50577e-06 -2.30484e-07 -1.53977e-07 -2.3573e-07
7.8276e-06 -8.69264e-06 -1.77096e-06 -6.58597e-06 -9.0187e-06 -6.99788e-06 -2.30808e-07 -3.04041e-07 -2.64326e-07
-3.47235e-06 -7.56149e-06 -1.02855e-06 -5.98877e-06 -2.80168e-06 -5.06901e-06 -2.10304e-07 -8.44686e-08 -1.94817e-07
4.40288e-06 -1.06564e-05 -1.35269e-06 -8.88886e-06 -7.29242e-06 -7.35506e-06 -3.0981e-07 -2.43771e-07 -2.80634e-07
-4.61488e-06 -4.29173e-06 4.81554e-06 -6.35628e-06 -6.25326e-06 -1.38297e-05 -2.16964e-07 -2.17676e-07 -4.73921e-07
-3.34544e-06 -5.73255e-06 -5.93751e-07 -5.86657e-06 -6.06325e-06 -6.97337e-06 -2.03024e-07 -1.94882e-07 -2.52029e-07
-1.20666e-05 9.74346e-07 1.67626e-06 -5.14025e-06 -6.03122e-07 -7.45512e-06 -1.69491e-07 -9.13916e-09 -2.43994e-07
-2.10812e-06 -9.10803e-07 -1.77431e-06 -4.37449e-06 -8.18446e-06 -9.18411e-06 -1.46783e-07 -2.6311e-07 -3.08414e-07
-4.15981e-06 6.23106e-07 4.32591e-06 -4.34755e-06 -8.7474e-06 -1.11735e-05 -1.42814e-07 -2.99582e-07 -3.68503e-07
6.82359e-07 3.44402e-06 1.78403e-07 -6.03071e-06 -7.32748e-06 -9.03372e-06 -1.95841e-07 -2.4515e-07 -2.88956e-07
-1.48164e-06 -1.58164e-06 -4.59355e-06 -7.38969e-06 -2.97424e-06 -5.68363e-06 -2.4812e-07 -7.82603e-08 -1.95303e-07
1.12648e-07 2.62455e-06 -2.31017e-06 -4.37562e-06 2.07891e-06 -6.45365e-06 -1.41886e-07 7.78142e-08 -2.0452e-07
-1.17132e-05 6.78815e-06 -2.93947e-06 -2.82544e-06 6.9518e-06 -7.61318e-06 -8.34706e-08 2.60348e-07 -2.27289e-07
-1.30014e-05 -7.4344e-07 -3.0821e-06 -9.98194e-06 2.38968e-07 -8.03228e-06 -3.33176e-07 3.99375e-08 -2.69188e-07
-1.26217e-05 -3.52117e-06 -5.92284e-06 -9.98044e-06 6.29377e-06 -4.27359e-06 -3.37181e-07 2.5139e-07 -1.55764e-07
-1.99853e-05 -6.81147e-06 -7.9494e-06 -1.29835e-05 6.96344e-06 -9.60169e-07 -4.40957e-07 2.90796e-07 -6.00778e-08
-7.48871e-06 -2.17449e-06 -2.79668e-06 -4.76472e-06 1.12267e-06 -6.43901e-06 -1.61451e-07 5.57985e-08 -2.20912e-07
-3.99973e-06 -4.75095e-06 -5.59465e-06 -4.26982e-06 1.02551e-06 -1.55764e-06 -1.47853e-07 5.76398e-08 -6.76561e-08
-6.53501e-06 2.14813e-06 -3.76178e-06 -1.99942e-06 -6.11868e-07 -7.97603e-06 -6.31811e-08 2.37837e-09 -2.58032e-07
-3.14601e-06 4.87781e-06 -3.73212e-06 -2.30909e-06 1.50634e-06 -7.6169e-06 -6.98855e-08 6.68966e-08 -2.36796e-07
-9.6053e-06 5.15214e-06 -5.70833e-06 1.00167e-06 4.89572e-06 -1.60961e-06 4.06314e-08 1.94058e-07 -3.63752e-08
-1.51096e-05 5.26009e-06 -4.96809e-06 -4.91122e-07 4.94772e-06 -1.21108e-06 -7.88121e-09 2.00487e-07 -2.52303e-08
-1.21661e-05 3.83842e-06 1.7026e-07 8.48313e-07 6.93708e-06 -3.35127e-06 3.34852e-08 2.45883e-07 -9.99325e-08
-1.87074e-05 4.38693e-06 -2.40276e-06 1.12764e-06 1.09132e-05 -3.65786e-06 4.44262e-08 3.96558e-07 -1.08105e-07
-1.32647e-05 1.06867e-05 -3.76266e-06 3.18585e-06 9.83216e-06 -6.9969e-06 1.2129e-07 3.56888e-07 -1.94758e-07
-1.15643e-05 1.25905e-06 -2.03401e-06 1.09002e-06 6.60917e-06 -2.04068e-06 3.86958e-08 2.42989e-07 -6.40953e-08
-7.26631e-06 1.49585e-06 -1.47102e-06 -1.60178e-06 -4.91824e-07 -3.63208e-09 -5.07566e-08 -1.21567e-09 5.19935e-09
-1.24861e-05 7.33292e-06 -3.38201e-06 3.96184e-06 1.24575e-06 -1.46145e-06 1.42261e-07 6.76912e-08 -2.44339e-08
-9.56087e-06 8.43252e-06 -4.75728e-06 2.4021e-06 -6.27746e-07 -5.00003e-06 9.21855e-08 6.89743e-09 -1.37158e-07
-2.00338e-06 1.51996e-06 -4.13675e-06 3.17244e-06 -1.274e-06 -2.1135e-06 1.0802e-07 -2.6233e-08 -6.46808e-08
-2.69128e-06 1.13288e-05 -6.73369e-06 6.4806e-06 1.47143e-06 -4.56818e-06 2.30494e-07 7.44687e-08 -1.11592e-07
-9.71792e-07 1.0407e-05 -5.27397e-06 6.05806e-06 2.24553e-07 -2.76741e-06 2.15783e-07 2.60693e-08 -5.52308e-08
6.38051e-06 1.07287e-05 -3.16514e-06 5.69445e-06 -3.36929e-06 -1.97435e-06 2.05069e-07 -1.11169e-07 -2.76964e-08
3.45627e-06 1.40744e-05 -4.17575e-06 5.58821e-06 -4.97441e-07 -2.12768e-06 2.06514e-07 -7.46498e-09 -1.82512e-08
-4.47056e-06 1.51709e-05 -3.37614e-06 7.01348e-06 -3.02516e-06 -5.01238e-06 2.58158e-07 -8.13198e-08 -1.06819e-07
-1.68043e-06 1.15053e-05 1.34369e-07 6.4515e-06 -1.80313e-06 -2.60433e-06 2.33531e-07 -5.83359e-08 -4.45724e-08
2.89373e-06 1.97312e-05 -7.8816e-06 7.33091e-06 -2.98738e-06 -7.00796e-06 2.72406e-07 -7.39511e-08 -1.56251e-07
8.05644e-06 1.92056e-05 -7.24188e-06 8.36979e-06 -4.51602e-06 -4.76871e-06 3.06985e-07 -1.33584e-07 -8.08377e-08
7.91248e-06 1.7576e-05 -4.18962e-06 1.02963e-05 -6.38728e-06 -3.69691e-06 3.68933e-07 -2.08733e-07 -5.63622e-08
1.35511e-06 1.99184e-05 -4.63548e-06 5.70678e-06 -9.50243e-06 -2.48645e-06 2.19386e-07 -3.00027e-07 -4.95568e-09
6.27065e-06 1.99097e-05 -4.0373e-06 6.97285e-06 -6.57143e-06 -4.77738e-06 2.62371e-07 -2.13301e-07 -8.61804e-08
1.39968e-05 1.53244e-05 -4.99447e-06 6.45867e-06 -5.73081e-06 -1.69319e-06 2.34499e-07 -1.9099e-07 -2.92213e-09
1.07336e-05 1.95803e-05 -1.59406e-06 9.29043e-06 -5.7751e-06 -6.394e-07 3.39225e-07 -2.02473e-07 5.18272e-08
1.89324e-05 2.07431e-05 -4.86226e-06 1.00329e-05 -5.32344e-06 -1.54148e-06 3.64026e-07 -1.87773e-07 1.95765e-08
3.02174e-05 1.40665e-05 -6.98457e-06 6.4587e-06 -9.472e-06 -2.16232e-06 2.35486e-07 -3.32787e-07 -1.93467e-08
2.75228e-05 1.96112e-05 -1.01243e-05 6.45328e-06 -8.7284e-06 -2.73718e-06 2.41577e-07 -2.87748e-07 -1.31304e-08
2.7217e-05 1.7999e-05 -7.78549e-06 8.99557e-06 -1.10058e-05 2.37922e-06 3.23763e-07 -3.75024e-07 1.42378e-07
3.86834e-05 1.90883e-05 -1.03869e-05 1.07441e-05 -1.09726e-05 2.98209e-06 3.83408e-07 -3.80065e-07 1.66288e-07
2.95019e-05 1.28916e-05 -6.23047e-06 7.40544e-06 -7.1854e-06 5.55103e-06 2.64079e-07 -2.57182e-07 2.30313e-07
3.51137e-05 1.80218e-05 -4.44874e-06 7.54171e-06 -8.36557e-06 -1.20773e-06 2.74278e-07 -3.07339e-07 2.59966e-08
2.75058e-05 9.83596e-06 -2.94883e-06 4.94997e-06 -5.39059e-06 1.22126e-07 1.79071e-07 -2.07068e-07 4.06994e-08
2.61737e-05 2.06726e-06 -4.36539e-06 1.9653e-06 -3.35426e-06 5.6691e-06 6.92101e-08 -1.33757e-07 2.00404e-07
8.23107e-06 1.11679e-06 -6.61972e-07 3.46126e-06 3.0269e-06 7.97914e-06 1.1662e-07 9.1899e-08 2.69917e-07
1.53666e-05 -5.43636e-06 -1.75704e-06 6.80919e-07 4.80165e-07 7.5749e-06 1.53549e-08 1.19665e-09 2.3135e-07
1.11064e-05 -2.82901e-06 2.17301e-06 2.72641e-06 3.80725e-06 5.65379e-06 8.67649e-08 1.02223e-07 1.77226e-07
1.08894e-05 -1.57782e-05 1.81164e-06 -4.49195e-06 3.28329e-06 1.06824e-05 -1.7345e-07 8.51755e-08 2.90859e-07
6.83238e-06 -1.74535e-05 2.69476e-06 -4.85673e-06 3.57869e-06 1.05183e-05 -1.85359e-07 9.93741e-08 2.82009e-07
5.55875e-06 -2.67751e-05 5.57344e-06 -8.48e-06 5.70759e-06 1.31591e-05 -3.25894e-07 1.58601e-07 3.31312e-07
1.51325e-05 -3.13229e-05 5.85266e-06 -9.80934e-06 3.39333e-06 1.41249e-05 -3.68692e-07 6.86977e-08 3.42638e-07
8.06676e-06 -3.92154e-05 1.27127e-05 -1.01847e-05 4.23197e-06 1.39305e-05 -3.96399e-07 7.94697e-08 3.10698e-07
1.2466e-05 -4.20739e-05 1.42245e-05 -1.11991e-05 4.00629e-06 1.4645e-05 -4.33507e-07 6.07088e-08 3.26174e-07
1.34791e-05 -5.11329e-05 1.59587e-05 -1.43166e-05 6.17627e-06 1.73752e-05 -5.51341e-07 1.15633e-07 3.5481e-07
1.51648e-05 -4.64664e-05 1.45056e-05 -1.21393e-05 3.73392e-06 1.57404e-05 -4.6581e-07 5.19927e-08 3.57834e-07
2.28981e-05 -6.17487e-05 1.61265e-05 -1.70253e-05 1.52776e-06 1.99079e-05 -6.4148e-07 -3.07759e-08 4.57797e-07
1.62869e-05 -5.81376e-05 1.64697e-05 -1.62488e-05 1.73896e-06 1.74965e-05 -6.1024e-07 -1.51353e-08 3.94377e-07
1.59324e-05 -5.09007e-05 1.82449e-05 -1.34908e-05 2.28854e-06 1.50645e-05 -5.11928e-07 -4.4444e-09 3.32479e-07
2.1814e-05 -5.25649e-05 1.74646e-05 -1.26726e-05 1.86407e-06 1.59458e-05 -4.8813e-07 -2.34629e-08 3.5774e-07
8.1291e-06 -5.19917e-05 1.77697e-05 -1.4317e-05 2.51538e-06 1.48198e-05 -5.37687e-07 1.74222e-08 3.27693e-07
8.88785e-06 -5.65923e-05 1.62619e-05 -1.56221e-05 2.29927e-06 1.56874e-05 -5.90038e-07 9.72393e-09 3.28551e-07
2.68466e-05 -6.03798e-05 6.76433e-06 -1.62585e-05 -4.13941e-06 1.63479e-05 -6.17544e-07 -1.93089e-07 3.52913e-07
1.7029e-05 -5.92451e-05 1.10187e-05 -1.50447e-05 -3.22871e-07 1.76184e-05 -5.75451e-07 -6.99872e-08 3.83015e-07
2.38384e-05 -5.22036e-05 1.06625e-05 -1.31136e-05 -3.29777e-07 1.63288e-05 -5.07834e-07 -8.53276e-08 3.39634e-07
1.1036e-05 -5.31583e-05 9.54392e-06 -1.25301e-05 3.13688e-06 1.87018e-05 -4.98543e-07 4.96385e-08 4.12048e-07
1.81e-05 -4.56752e-05 8.81271e-06 -1.33865e-05 3.26657e-07 1.35066e-05 -5.165e-07 -5.09352e-08 2.75172e-07
9.70406e-06 -3.09972e-05 2.75698e-08 -9.70355e-06 -1.40348e-07 1.07833e-05 -3.59937e-07 -1.64225e-08 2.54348e-07
1.54565e-05 -2.83422e-05 5.00324e-06 -8.83203e-06 2.01176e-07 1.0033e-05 -3.28624e-07 -2.92365e-08 2.37763e-07
2.36293e-05 -3.15609e-05 3.68947e-06 -8.68343e-06 -2.51567e-06 1.1651e-05 -3.27719e-07 -1.24808e-07 2.84214e-07
6.01801e-06 -2.13569e-05 -2.13026e-06 -6.79975e-06 3.10417e-06 8.21225e-06 -2.5291e-07 1.0261e-07 2.036e-07
1.83909e-05 -1.97918e-05 -1.10861e-06 -4.12323e-06 -4.45266e-07 8.71464e-06 -1.61987e-07 -3.42182e-08 2.2359e-07
1.77049e-05 -1.15242e-05 -7.22374e-06 -3.40724e-06 -1.99301e-07 8.10985e-06 -1.27784e-07 -2.67964e-09 2.28999e-07
1.83551e-05 -4.15629e-06 -2.2192e-06 -6.18888e-07 -4.59488e-07 6.52778e-06 -2.59171e-08 -3.06074e-08 2.03537e-07
1.67249e-06 4.64833e-06 -1.20392e-06 5.40811e-07 3.64481e-06 3.16866e-07 2.38233e-08 1.23181e-07 2.58687e-08
2.10378e-06 1.01357e-05 -3.8033e-06 2.3304e-06 7.95782e-07 1.30256e-06 9.0084e-08 3.65498e-08 7.68224e-08
6.95418e-06 1.64129e-05 -3.83902e-06 5.30976e-06 1.42831e-06 9.62826e-07 1.98275e-07 5.12695e-08 8.72074e-08
5.54266e-06 2.19239e-05 -1.52786e-06 6.93605e-06 1.78747e-06 -1.63558e-06 2.59536e-07 5.74468e-08 2.19553e-08
8.13938e-06 1.41782e-05 -1.36347e-06 4.34029e-06 -6.54754e-07 -2.49572e-06 1.61086e-07 -2.61204e-08 -2.83988e-08
3.22933e-06 2.98211e-05 -4.79554e-06 9.44063e-06 9.74556e-07 -6.97319e-06 3.54407e-07 4.65473e-08 -1.1616e-07
-6.93739e-07 1.65543e-05 1.63274e-07 4.3228e-06 9.10137e-07 -4.4846e-06 1.66485e-07 3.06118e-08 -8.77432e-08
-7.91928e-06 2.41849e-05 -2.14772e-07 4.77956e-06 2.46023e-06 -9.12835e-06 1.92709e-07 9.38882e-08 -2.08427e-07
4.74009e-06 1.24369e-05 2.0783e-06 4.57396e-06 -1.39866e-06 -5.51849e-06 1.69035e-07 -6.0588e-08 -1.3897e-07
-4.78203e-06 1.80554e-05 8.98695e-07 4.25451e-06 -6.19752e-08 -7.37248e-06 1.65031e-07 1.13344e-09 -1.77543e-07
-1.56466e-06 2.98804e-05 1.15897e-06 6.47518e-06 -2.075e-06 -1.61079e-05 2.50002e-07 -7.10954e-08 -4.32628e-07
-1.1369e-05 1.94209e-05 2.48969e-06 7.03011e-06 8.34107e-07 -8.12722e-06 2.56282e-07 3.27534e-08 -2.05139e-07
-2.02031e-05 2.45261e-05 4.05388e-06 4.3247e-06 2.48764e-06 -1.23513e-05 1.73824e-07 9.42065e-08 -3.29821e-07
-2.31538e-06 2.13035e-05 4.04776e-06 4.91516e-06 -2.82555e-06 -1.32598e-05 1.90065e-07 -1.05199e-07 -3.66408e-07
-1.2603e-05 3.42078e-05 2.67807e-06 8.92052e-06 3.01581e-07 -1.23924e-05 3.40284e-07 1.65193e-08 -2.9203e-07
-2.64931e-06 3.76333e-05 3.30997e-06 9.71255e-06 -3.36045e-06 -1.45841e-05 3.68973e-07 -1.19751e-07 -3.57689e-07
-1.46638e-05 3.79559e-05 6.56532e-06 1.21565e-05 4.82986e-06 -2.00128e-05 4.51469e-07 1.54581e-07 -5.24987e-07
-1.3431e-05 3.24933e-05 1.88858e-06 8.72428e-06 1.36984e-06 -1.52575e-05 3.32286e-07 5.64405e-08 -3.93313e-07
-3.19864e-06 3.6241e-05 -2.24077e-06 4.88685e-06 -3.75885e-06 -1.74921e-05 2.15448e-07 -1.11585e-07 -4.398e-07
-2.33984e-05 5.45481e-05 -1.39821e-06 1.43026e-05 6.9589e-07 -2.32024e-05 5.48468e-07 6.03994e-08 -5.47624e-07
-1.54783e-05 3.61301e-05 2.41471e-06 7.65408e-06 8.98274e-07 -1.72473e-05 3.00705e-07 4.06682e-08 -4.30862e-07
-2.58592e-05 4.36215e-05 2.00278e-06 8.28715e-06 -1.49873e-07 -2.25794e-05 3.33549e-07 2.22546e-08 -5.70353e-07
-2.02982e-05 2.71724e-05 1.70152e-06 2.9704e-06 5.8389e-08 -1.74243e-05 1.35782e-07 2.35795e-08 -4.73239e-07
-1.63968e-05 2.67979e-05 2.52957e-06 2.19633e-06 -1.1492e-06 -1.87012e-05 1.12201e-07 -2.36873e-08 -5.18091e-07
-2.39838e-05 1.40296e-05 1.03344e-05 -3.1387e-06 3.11011e-06 -1.56715e-05 -8.68728e-08 9.56397e-08 -4.70914e-07
-2.87963e-05 1.33053e-05 2.55215e-06 -3.12651e-06 2.49161e-06 -1.29824e-05 -8.61479e-08 1.11435e-07 -3.83723e-07
-1.51264e-05 2.90949e-06 2.85671e-06 -5.99492e-06 4.96329e-07 -1.17129e-05 -1.95524e-07 2.4602e-08 -3.77876e-07
3.52215e-06 4.41135e-06 3.894e-06 -3.9984e-06 -2.65724e-06 -1.09119e-05 -1.27021e-07 -1.06235e-07 -3.47864e-07
1.79742e-07 3.81167e-06 -8.85989e-07 -1.93479e-06 -2.41058e-06 -7.29339e-06 -5.94285e-08 -7.73451e-08 -2.29539e-07
-1.72877e-06 2.3521e-06 3.47948e-07 -3.61133e-06 -1.55941e-06 -7.83131e-06 -1.17143e-07 -5.09807e-08 -2.51995e-07
7.83971e-06 1.02254e-05 -3.01065e-06 -1.84015e-07 -3.59479e-06 -8.70214e-06 6.93568e-09 -1.19092e-07 -2.54309e-07
1.0837e-05 1.15203e-05 -6.93351e-06 1.11952e-07 -5.67201e-06 -9.99619e-06 1.77598e-08 -1.78509e-07 -2.94095e-07
-1.17803e-05 5.99303e-06 -2.49807e-06 -2.4445e-06 2.08986e-06 -7.66328e-06 -7.45444e-08 9.25393e-08 -2.31945e-07
3.26695e-06 9.05802e-06 -3.91572e-06 3.27802e-06 3.8931e-06 -1.09594e-05 1.19683e-07 1.3891e-07 -3.33506e-07
9.53239e-06 8.87825e-06 -4.83359e-07 1.94366e-06 -1.35593e-06 -4.39168e-06 7.56838e-08 -5.53582e-08 -1.16813e-07
2.75496e-06 1.64265e-05 -1.44559e-06 3.76836e-06 -7.51235e-07 -6.08471e-06 1.46058e-07 -2.35072e-08 -1.46174e-07
-6.66898e-08 1.02566e-05 8.16565e-06 4.58401e-06 4.37255e-06 -4.18638e-06 1.66814e-07 1.19604e-07 -1.06708e-07
-3.25828e-06 1.09786e-05 4.53598e-06 3.5555e-06 3.53057e-06 -5.65928e-06 1.31071e-07 1.0534e-07 -1.49794e-07
-1.89485e-05 2.94775e-05 -2.09916e-06 9.04689e-06 5.2999e-06 -8.91728e-06 3.41668e-07 2.10789e-07 -1.80928e-07
-8.26987e-06 2.05926e-05 -7.98643e-06 6.32147e-06 1.4969e-06 -9.10897e-06 2.3432e-07 9.21275e-08 -2.18658e-07
-1.15035e-05 2.24183e-05 -9.30986e-06 9.01627e-06 4.97695e-06 -7.7325e-06 3.35407e-07 2.23197e-07 -1.62131e-07
-1.55744e-05 1.89911e-05 -7.62788e-06 5.03772e-06 4.87233e-06 -5.96905e-06 1.93188e-07 2.14089e-07 -1.21517e-07
-5.20248e-06 5.64785e-06 -2.53545e-06 3.46013e-06 5.19133e-06 -1.22057e-07 1.22623e-07 1.89289e-07 1.75221e-08
-1.77299e-06 8.56805e-06 -4.82715e-06 3.14095e-06 5.38304e-06 -3.15257e-06 1.13946e-07 1.98015e-07 -7.45644e-08
-2.35164e-05 1.28344e-05 -6.11779e-07 3.50686e-06 1.05171e-05 -1.51602e-06 1.33096e-07 3.81931e-07 -7.42885e-09
-1.50503e-05 1.93191e-05 -4.82192e-06 6.11436e-06 6.99362e-06 -3.63291e-06 2.24516e-07 2.66264e-07 -5.26117e-08
-7.80525e-06 6.68419e-06 -2.68255e-06 2.97271e-06 6.01127e-06 -1.45829e-07 1.07211e-07 2.18619e-07 1.74748e-08
-2.35627e-06 -3.06559e-07 -3.10153e-06 -1.44337e-08 6.58731e-06 1.41803e-07 -8.94198e-10 2.31735e-07 3.77662e-09
-1.85914e-05 -1.25701e-06 -1.91323e-06 1.03194e-06 9.99106e-06 2.52066e-06 3.27804e-08 3.60165e-07 7.99014e-08
-1.95256e-05 -4.50665e-06 -8.38811e-07 -4.5646e-06 6.00974e-06 -8.83889e-07 -1.57648e-07 2.27786e-07 -4.36625e-08
-6.48223e-06 -1.02094e-06 -1.18028e-06 -1.39598e-06 2.67991e-06 -6.18782e-07 -4.7756e-08 1.01521e-07 -2.40133e-08
-1.42544e-05 3.9082e-07 3.94458e-06 2.73981e-06 6.57245e-06 1.21442e-06 9.1424e-08 2.22433e-07 4.11664e-08
-1.64931e-05 2.0538e-06 3.47105e-06 2.41297e-06 4.61706e-06 -1.19397e-06 8.32272e-08 1.62772e-07 -3.11113e-08
2.62506e-06 -7.00298e-07 7.28942e-06 3.18564e-06 4.03328e-06 1.76272e-06 1.04648e-07 1.05769e-07 5.63418e-08
3.98637e-07 -2.19114e-07 1.59852e-06 3.54161e-06 2.45213e-06 -1.86256e-07 1.17448e-07 7.5224e-08 -6.98264e-09
1.24654e-06 1.18394e-05 6.15459e-08 7.66852e-06 1.97098e-07 -3.64679e-06 2.70239e-07 4.67405e-09 -7.17133e-08
3.36644e-06 1.21641e-05 1.73794e-06 8.47396e-06 2.55188e-07 -5.50608e-07 2.98356e-07 -2.65119e-09 2.74026e-08
-6.96317e-06 1.27554e-05 5.12359e-07 5.34424e-06 3.38432e-06 -6.49677e-06 1.98084e-07 1.21797e-07 -1.69473e-07
-1.57143e-05 3.59509e-07 1.54571e-06 3.07349e-06 7.69313e-06 2.2505e-06 1.02643e-07 2.71899e-07 7.60741e-08
-4.20269e-06 9.21202e-06 -1.0731e-06 4.06376e-06 4.84913e-06 9.38918e-07 1.48761e-07 1.71572e-07 6.66561e-08
-3.66324e-06 6.69633e-06 -6.56535e-07 6.82141e-06 4.84436e-06 6.48686e-06 2.36424e-07 1.68931e-07 2.42288e-07
2.15187e-07 9.03807e-06 3.04572e-06 6.21157e-06 9.92709e-06 3.63611e-06 2.18565e-07 3.19397e-07 1.51709e-07
-4.59752e-06 1.15592e-05 1.39531e-06 1.02046e-05 5.46726e-06 4.01899e-06 3.53633e-07 1.82662e-07 1.73974e-07
1.69238e-05 3.4603e-05 4.76892e-07 1.64613e-05 -1.58454e-06 -1.47812e-06 5.90752e-07 -7.54926e-08 6.80087e-08
1.44826e-05 3.33207e-05 2.99323e-07 2.09782e-05 -8.31119e-07 5.99174e-06 7.38448e-07 -4.6369e-08 3.1147e-07
1.94503e-05 2.24803e-05 -1.35191e-06 1.60413e-05 2.42781e-07 3.5951e-06 5.59928e-07 -1.0455e-08 1.93714e-07
1.52301e-05 2.9174e-05 2.82257e-06 1.69045e-05 -2.70282e-06 4.41549e-06 5.98269e-07 -1.18677e-07 2.49913e-07
8.16679e-06 1.45714e-05 -3.0734e-06 9.95644e-06 -8.20618e-07 2.89478e-06 3.49165e-07 -2.60296e-08 1.50342e-07
1.74029e-06 2.62209e-05 -3.86427e-07 1.45412e-05 -2.57833e-07 1.58341e-06 5.18158e-07 -9.66875e-09 1.33082e-07
1.22016e-05 2.76037e-05 3.8549e-06 1.68824e-05 -1.13085e-06 2.59382e-06 5.98379e-07 -6.80253e-08 1.86847e-07
9.48863e-06 2.52744e-05 3.53441e-06 1.62999e-05 -1.20794e-06 2.92648e-06 5.72524e-07 -6.45078e-08 1.89121e-07
1.42292e-05 2.30326e-05 -5.0648e-07 1.56201e-05 8.20202e-07 -2.63838e-06 5.53253e-07 8.14256e-09 -3.93084e-09
1.88976e-05 1.52978e-05 5.49426e-07 1.09319e-05 -3.70123e-06 1.26046e-06 3.82261e-07 -1.48411e-07 1.02805e-07
9.49504e-06 1.26034e-05 -3.49759e-06 6.61016e-06 -6.05705e-08 3.52449e-07 2.39524e-07 -3.64885e-09 5.98373e-08
5.08027e-06 9.10447e-06 -3.56047e-06 7.55857e-06 9.57542e-07 4.30696e-06 2.62991e-07 3.92409e-08 1.78928e-07
1.64669e-05 1.73632e-05 1.40307e-07 4.9362e-06 -1.34156e-06 -2.25858e-06 1.85317e-07 -6.51784e-08 -1.8121e-08
6.38674e-06 -3.25114e-07 -5.01956e-06 2.59473e-06 -2.34882e-06 5.901e-06 8.61111e-08 -6.87399e-08 1.95367e-07
1.75912e-05 6.67047e-06 -3.52437e-06 4.2758e-06 -4.5396e-06 -1.19567e-07 1.509e-07 -1.61596e-07 1.93109e-08
-2.73774e-08 9.13991e-06 1.69495e-07 8.80776e-06 -2.90551e-06 3.68999e-06 3.04917e-07 -9.71257e-08 1.5378e-07
-5.65935e-06 6.75283e-07 -1.85536e-06 2.80018e-06 3.74878e-06 1.01172e-06 9.38807e-08 1.37859e-07 3.60553e-08
6.34603e-06 5.19862e-06 -5.30468e-06 3.91258e-06 -5.67508e-07 2.0537e-06 1.36673e-07 -8.06829e-09 8.66977e-08
-9.12321e-07 -6.81184e-06 -6.21856e-06 -1.11907e-06 9.1707e-07 2.15471e-06 -4.63676e-08 5.40394e-08 4.71998e-08
8.79876e-07 4.07009e-06 -5.83958e-06 3.98474e-07 -4.47482e-07 1.04352e-07 1.85338e-08 3.97563e-09 1.73852e-08
3.52807e-06 -2.58367e-06 4.53718e-07 2.95583e-07 4.62143e-07 2.26708e-07 6.75732e-09 9.58998e-09 -1.28756e-09
-1.24766e-05 -1.47962e-05 -4.48511e-06 -4.2138e-06 6.12811e-06 -4.00416e-06 -1.60631e-07 2.37624e-07 -1.87891e-07
-4.98219e-06 -1.00288e-05 -3.64301e-06 -3.65519e-06 1.65447e-06 -1.92622e-06 -1.33898e-07 7.45971e-08 -1.01045e-07
-1.83208e-06 2.95672e-07 3.48894e-06 3.2531e-07 3.47551e-06 -4.09507e-06 1.10925e-08 1.04125e-07 -1.3504e-07
-1.89355e-06 -7.65897e-06 6.20665e-08 -3.47869e-06 3.10076e-06 -2.7729e-06 -1.26824e-07 1.05633e-07 -1.23608e-07
-2.11221e-05 -2.41819e-05 -6.20785e-07 -1.67278e-05 1.11811e-05 -1.4519e-06 -5.87611e-07 4.01687e-07 -1.38995e-07
-4.67044e-06 -2.4586e-05 -2.14853e-06 -1.40665e-05 6.00076e-07 -2.29458e-06 -4.99268e-07 3.46838e-08 -1.7609e-07
-1.78862e-05 -3.41517e-05 -7.48005e-06 -1.96144e-05 5.73855e-06 7.60534e-07 -6.9855e-07 2.44674e-07 -1.09523e-07
-1.36672e-06 -4.5717e-05 -3.51881e-06 -2.48496e-05 1.45037e-06 -2.65629e-06 -8.95157e-07 6.26385e-08 -2.49061e-07
5.22034e-06 -5.63536e-05 -4.41432e-06 -2.96362e-05 -4.68531e-07 2.76502e-06 -1.05559e-06 -6.97959e-09 -1.01886e-07
2.72039e-06 -6.02962e-05 -7.91194e-06 -2.9158e-05 1.52929e-06 7.16127e-06 -1.03961e-06 7.40367e-08 3.54537e-08
-1.8181e-05 -5.98548e-05 -6.03558e-06 -2.95663e-05 7.51609e-06 8.12867e-06 -1.05133e-06 2.91359e-07 6.95513e-08
-1.93169e-05 -5.19956e-05 -6.41186e-06 -2.55372e-05 6.69742e-06 6.14503e-06 -9.14211e-07 2.69864e-07 2.25499e-08
-1.22732e-05 -3.45025e-05 -7.02199e-06 -1.64258e-05 6.57656e-06 9.69698e-07 -5.90158e-07 2.58607e-07 -8.63097e-08
-7.26879e-06 -2.40373e-05 -3.40635e-07 -1.14867e-05 2.65985e-06 2.70907e-06 -4.10279e-07 9.83171e-08 6.03542e-09
-7.80997e-06 -6.42989e-06 -2.49038e-06 -1.6206e-06 4.43461e-06 2.91682e-06 -6.22607e-08 1.66751e-07 7.36363e-08
5.75104e-06 -1.34718e-05 -2.07301e-06 -3.51435e-06 -1.89121e-06 3.70626e-06 -1.32687e-07 -6.22816e-08 7.44198e-08
-1.8709e-05 1.12766e-05 -2.95275e-06 8.10948e-06 8.52567e-06 -1.27423e-06 2.84814e-07 3.20049e-07 8.83656e-10
-1.12929e-05 1.13316e-05 -6.08633e-06 9.68285e-06 8.56564e-06 8.84536e-07 3.37608e-07 3.2371e-07 7.28847e-08
-2.18492e-05 1.79013e-05 -4.3705e-07 1.3613e-05 1.09856e-05 -2.16315e-06 4.77123e-07 3.96447e-07 -3.64987e-09
-2.42085e-05 1.40045e-05 -1.33704e-06 1.27632e-05 1.18895e-05 9.16052e-07 4.4421e-07 4.34264e-07 8.43759e-08
-5.0119e-06 2.74159e-05 -1.7777e-06 2.00641e-05 5.36793e-06 -3.78931e-06 7.09251e-07 1.9341e-07 -1.37285e-08
2.48836e-06 2.04808e-05 -4.59781e-06 1.74654e-05 4.15658e-06 -1.65776e-06 6.07901e-07 1.51811e-07 1.99759e-08
-2.45818e-06 1.71969e-05 -9.36868e-06 1.20905e-05 1.56867e-06 -6.36283e-07 4.2407e-07 9.26152e-08 4.75453e-08
-6.15305e-06 1.8451e-05 -7.43673e-06 1.08294e-05 3.14901e-06 -7.15367e-06 3.91484e-07 1.44848e-07 -1.6299e-07
-4.99445e-06 5.83281e-06 -9.0008e-06 2.21449e-06 2.50421e-06 -4.24227e-06 8.2056e-08 1.25352e-07 -1.17854e-07
-1.83442e-06 1.18004e-05 -8.40757e-06 2.96883e-06 3.48137e-07 -6.11926e-06 1.17678e-07 4.74853e-08 -1.56057e-07
2.46555e-06 1.63909e-05 -5.27838e-06 6.30759e-06 1.26133e-07 -1.84104e-06 2.35157e-07 2.01912e-08 3.41177e-09
1.3383e-06 3.89431e-06 -8.22634e-06 -9.76705e-07 1.1629e-06 -9.23303e-06 -2.73411e-08 6.77237e-08 -2.91719e-07
1.16322e-06 -2.76342e-08 -4.4109e-06 6.12067e-07 1.26584e-06 -8.39041e-06 2.02059e-08 5.76321e-08 -2.78903e-07
8.34885e-06 -7.47722e-06 -1.6199e-06 -6.22474e-06 -3.80604e-06 -3.91917e-06 -2.17125e-07 -1.31491e-07 -1.58779e-07
5.09597e-06 -8.12606e-07 -2.68956e-06 -1.91628e-06 -1.14777e-06 -1.89079e-06 -6.47282e-08 -3.54037e-08 -6.56701e-08
3.28487e-06 5.35339e-07 -1.03218e-06 3.97715e-07 -9.93477e-07 -1.26494e-06 1.37862e-08 -3.34526e-08 -4.04224e-08
8.80083e-06 -9.31807e-06 -3.09336e-06 -3.15557e-06 -2.68812e-06 -8.09317e-07 -1.17596e-07 -9.0604e-08 -5.94649e-08
2.59083e-06 6.00573e-06 -1.04311e-06 4.70394e-06 2.2054e-07 -4.12997e-06 1.64553e-07 7.24374e-09 -1.16935e-07
3.0496e-06 1.33663e-05 1.52619e-06 6.98746e-06 -2.29738e-06 -6.51492e-06 2.48994e-07 -8.52565e-08 -1.73753e-07
1.13295e-05 9.56142e-06 -1.69061e-06 3.94597e-06 -7.60703e-06 -4.84966e-06 1.45311e-07 -2.63755e-07 -1.27406e-07
6.19958e-06 1.7022e-05 2.12332e-08 8.1924e-06 -5.22609e-06 -4.66316e-06 2.96727e-07 -1.8275e-07 -8.55592e-08
1.18938e-05 1.61996e-05 -7.53246e-07 7.55088e-06 -7.51039e-06 -3.91203e-06 2.73606e-07 -2.63197e-07 -6.84738e-08
1.98626e-05 -1.47695e-06 -1.82789e-07 -1.10967e-06 -1.04545e-05 -2.58275e-06 -3.90487e-08 -3.7322e-07 -8.99079e-08
1.22814e-05 1.19224e-06 -2.81917e-06 -1.39734e-06 -8.54487e-06 -2.78633e-06 -4.47565e-08 -2.91998e-07 -8.84087e-08
1.23377e-05 -1.17896e-06 -1.02164e-06 -1.99293e-06 -7.62313e-06 -3.34173e-06 -6.81388e-08 -2.67441e-07 -1.15663e-07
1.05404e-05 6.23138e-06 2.10476e-06 4.5681e-06 -5.85049e-06 -8.30408e-06 1.59442e-07 -2.14163e-07 -2.55189e-07
1.5291e-05 1.2972e-05 -5.34143e-07 8.71103e-06 -7.52487e-06 -1.14977e-05 3.05773e-07 -2.66922e-07 -3.35807e-07
3.18953e-05 9.13951e-06 5.95609e-06 8.24859e-06 -1.43445e-05 -1.40674e-05 2.85798e-07 -5.36607e-07 -4.37472e-07
1.92707e-05 1.56446e-05 1.58529e-06 9.8215e-06 -1.03111e-05 -8.26417e-06 3.47897e-07 -3.74517e-07 -2.20704e-07
2.25004e-05 7.0791e-06 -3.915e-08 5.57477e-06 -9.72718e-06 -4.56841e-06 1.95625e-07 -3.55328e-07 -1.26256e-07
1.93312e-05 5.41751e-06 4.77293e-07 2.87292e-06 -9.01144e-06 -5.57352e-06 1.04283e-07 -3.31005e-07 -1.61046e-07
2.0611e-05 1.39127e-05 3.38907e-06 7.2664e-06 -8.8427e-06 -7.1562e-06 2.65836e-07 -3.41251e-07 -1.84522e-07
1.08136e-05 1.02176e-05 1.48869e-06 6.88662e-06 -4.58134e-06 -7.87226e-06 2.43216e-07 -1.72722e-07 -2.26348e-07
1.22392e-05 7.2854e-06 -3.6298e-06 2.5946e-06 -5.12695e-06 -7.33211e-06 9.70107e-08 -1.74844e-07 -2.15185e-07
4.44485e-06 8.29424e-06 5.34405e-07 4.70563e-06 1.67786e-06 -5.13527e-07 1.68194e-07 4.73389e-08 1.1719e-08
-8.83576e-06 1.41177e-05 -2.02275e-06 7.98024e-06 3.86899e-06 -2.07446e-06 2.8374e-07 1.47485e-07 -1.70684e-08
1.2427e-05 3.25185e-05 -2.03553e-07 1.60189e-05 -4.44405e-06 -6.44069e-06 5.74815e-07 -1.63701e-07 -9.98332e-08
-8.03578e-06 1.61616e-05 -1.88682e-06 9.54752e-06 5.73122e-06 -8.36348e-07 3.41622e-07 2.09138e-07 3.08139e-08
-5.69201e-06 1.91998e-05 -1.47455e-06 8.06615e-06 3.16087e-06 -4.45107e-06 2.9585e-07 1.18422e-07 -7.71821e-08
1.5155e-06 1.28585e-05 2.30013e-06 7.13897e-06 -1.77986e-06 -5.83166e-06 2.55475e-07 -6.97744e-08 -1.47105e-07
1.77274e-06 2.6197e-05 3.64826e-06 1.5444e-05 1.23888e-06 -6.95718e-06 5.5675e-07 2.38484e-08 -1.29152e-07
3.48678e-06 2.99921e-05 4.19015e-06 1.78274e-05 -6.25657e-07 -6.72694e-06 6.35935e-07 -4.13693e-08 -1.13343e-07
5.47529e-06 2.54236e-05 9.38316e-08 1.29812e-05 -4.68862e-07 -7.50009e-06 4.63366e-07 -2.27301e-08 -1.65993e-07
1.56502e-05 2.34505e-05 -2.32028e-06 8.36012e-06 -5.01594e-06 -6.66704e-06 3.06237e-07 -1.78008e-07 -1.44223e-07
6.21594e-06 1.59193e-05 -1.76903e-06 6.71297e-06 -9.88952e-07 -2.13088e-06 2.44853e-07 -3.52819e-08 -1.66899e-08
1.8161e-05 1.2945e-05 1.46404e-06 5.00606e-06 -7.15355e-06 -4.8557e-06 1.82866e-07 -2.65552e-07 -1.21291e-07
1.79565e-05 3.3787e-06 7.26084e-06 3.73761e-06 -3.95151e-06 -1.38698e-06 1.28781e-07 -1.79095e-07 -3.52037e-08
2.52656e-05 3.39329e-06 1.32089e-06 1.14083e-06 -7.29934e-06 -1.49496e-06 4.22999e-08 -2.79036e-07 -4.03416e-08
2.44803e-05 -2.02411e-06 2.63348e-06 -9.36116e-07 -8.18045e-06 4.34349e-07 -3.36199e-08 -3.13325e-07 6.54754e-09
2.81811e-05 2.09605e-06 1.82797e-06 -4.62463e-07 -1.1337e-05 7.91651e-07 -1.25894e-08 -4.19537e-07 3.15568e-08
2.43918e-05 4.92596e-06 5.88219e-06 3.98361e-06 -7.76767e-06 -3.00438e-07 1.38487e-07 -3.10674e-07 8.91541e-09
2.53852e-05 -1.1482e-06 4.95245e-06 -1.48817e-06 -1.14246e-05 1.44547e-06 -5.06253e-08 -4.28203e-07 4.25769e-08
2.72194e-05 7.32325e-06 5.20569e-06 4.63213e-06 -9.96864e-06 -6.00232e-07 1.62779e-07 -3.81838e-07 5.09293e-09
2.43663e-05 7.07386e-06 3.88922e-06 3.69848e-06 -8.43873e-06 5.12491e-06 1.3235e-07 -3.26369e-07 1.94815e-07
2.94817e-05 2.80483e-06 3.85359e-06 9.21547e-07 -1.13853e-05 3.90324e-06 3.42669e-08 -4.34716e-07 1.42573e-07
4.55837e-05 -7.18402e-06 -6.67081e-07 -4.52658e-06 -1.96461e-05 -2.34748e-08 -1.61642e-07 -7.20574e-07 -2.75389e-08
3.23699e-05 -2.32687e-05 -2.72404e-06 -1.3349e-05 -1.45146e-05 6.04518e-06 -4.72127e-07 -5.12183e-07 1.19769e-07
2.91173e-05 -2.06409e-05 -2.37622e-06 -1.18776e-05 -1.32889e-05 2.867e-06 -4.26985e-07 -4.78352e-07 2.26024e-08
1.69136e-05 -1.93665e-05 3.92201e-07 -1.32007e-05 -6.24626e-06 7.63815e-06 -4.62123e-07 -2.29158e-07 1.94669e-07
7.2104e-06 -1.07237e-05 -6.2105e-07 -7.37359e-06 -2.25975e-06 6.43847e-06 -2.56605e-07 -8.09734e-08 1.82135e-07
9.45114e-06 -4.78125e-06 -7.64118e-07 -3.78578e-06 -5.41844e-06 3.54153e-06 -1.30668e-07 -1.87307e-07 1.03566e-07
-2.27972e-05 8.68707e-07 1.5977e-06 1.67058e-06 1.22289e-05 9.8058e-06 5.68778e-08 4.30772e-07 3.29924e-07
-1.22283e-05 9.93214e-06 3.25362e-06 3.53465e-06 1.08953e-05 9.64915e-06 1.30842e-07 3.66074e-07 3.59282e-07
2.53613e-06 9.33702e-07 5.404e-06 7.21365e-07 2.78236e-06 9.89131e-06 2.44645e-08 6.92991e-08 3.32636e-07
8.03401e-07 1.38671e-05 6.74851e-06 8.59814e-06 1.76127e-06 5.20091e-06 3.05803e-07 3.10167e-08 2.27148e-07
7.20939e-06 1.25542e-05 6.19645e-06 8.03978e-06 1.50518e-06 5.49449e-06 2.85112e-07 1.54064e-08 2.31688e-07
3.4738e-06 1.60102e-05 6.60958e-06 7.899e-06 1.36938e-06 3.14198e-06 2.85253e-07 1.36661e-08 1.69595e-07
5.88002e-06 1.56134e-05 6.96827e-06 7.57246e-06 7.77683e-07 1.05324e-06 2.74943e-07 -9.72192e-09 9.50267e-08
8.35015e-06 1.87765e-05 8.60411e-06 9.66995e-06 -3.64692e-07 -1.35688e-06 3.48778e-07 -5.92345e-08 3.09199e-08
-3.92902e-06 1.14295e-05 6.41559e-06 8.02457e-06 4.38124e-06 2.85132e-06 2.83953e-07 1.25467e-07 1.41361e-07
-9.02121e-06 1.44978e-05 5.38523e-06 6.47459e-06 6.79582e-06 8.03199e-07 2.38533e-07 2.20361e-07 8.05051e-08
-7.31232e-06 1.0165e-05 5.40234e-06 4.72631e-06 7.48799e-06 -1.80742e-07 1.72634e-07 2.38799e-07 3.41937e-08
-9.36911e-06 7.69899e-06 4.30832e-06 7.48148e-07 8.83514e-06 2.90045e-06 3.81883e-08 2.93035e-07 1.26535e-07
-3.98889e-06 6.70765e-06 3.45423e-06 2.26059e-06 6.87625e-06 2.55376e-06 8.42494e-08 2.20059e-07 1.12061e-07
-1.14134e-05 6.23938e-06 2.46226e-06 2.39092e-06 6.57627e-06 -7.86747e-07 8.81857e-08 2.24681e-07 -1.49709e-09
-3.95926e-06 3.55145e-06 1.69417e-06 9.16996e-07 4.96091e-06 2.24094e-06 3.52132e-08 1.63974e-07 8.7529e-08
-6.26927e-06 7.64575e-06 2.90803e-06 2.96626e-06 3.15391e-06 -2.35914e-07 1.07547e-07 1.02045e-07 1.88633e-08
-2.00552e-06 2.94145e-06 1.60177e-06 -2.59113e-07 3.54274e-06 -4.32926e-08 -5.12526e-09 1.1425e-07 9.43296e-09
6.90625e-06 3.52062e-06 -2.63901e-06 -9.96333e-07 -3.53685e-06 -3.09939e-06 -2.89166e-08 -1.1628e-07 -9.04018e-08
-2.3937e-06 -5.53716e-06 1.86631e-06 -2.49191e-06 -1.11637e-06 -1.31809e-06 -8.98623e-08 -4.09894e-08 -6.40777e-08
4.19595e-06 -3.14345e-06 -8.9881e-07 -2.68386e-06 -3.40272e-06 -1.07343e-06 -9.33758e-08 -1.1557e-07 -4.64092e-08
2.36772e-06 -3.89293e-06 2.29614e-07 -2.96526e-06 -2.71577e-06 -1.51456e-06 -1.03235e-07 -9.39638e-08 -6.42557e-08
-1.00711e-05 -8.63613e-06 -1.78601e-06 -6.94097e-06 4.55271e-06 9.27697e-07 -2.42216e-07 1.70668e-07 3.58226e-10
-5.08422e-06 -5.14384e-06 -2.83032e-06 -4.0601e-06 3.19842e-06 1.96007e-06 -1.42229e-07 1.23079e-07 4.71781e-08
-1.24632e-05 7.30233e-07 -4.33975e-07 -9.99824e-07 6.58493e-06 -9.55115e-07 -3.27091e-08 2.35796e-07 -2.56289e-08
-1.42966e-06 -6.37769e-06 -1.2051e-06 -3.47608e-06 1.57649e-06 -1.92347e-06 -1.2348e-07 5.80567e-08 -8.46968e-08
2.4306e-06 -1.20515e-05 2.5923e-06 -5.51853e-06 -5.77725e-07 9.90385e-08 -1.98709e-07 -3.1214e-08 -3.80906e-08
-1.17892e-05 -1.65972e-05 1.51236e-06 -8.47269e-06 6.38381e-06 4.13009e-06 -3.00429e-07 2.20475e-07 7.71453e-08
-1.8379e-06 -2.2893e-05 -1.22626e-06 -1.04931e-05 -9.12508e-07 5.20822e-06 -3.79245e-07 -2.31029e-08 9.48445e-08
-3.12956e-06 -1.73615e-05 -7.05513e-07 -7.40008e-06 1.53542e-06 5.18228e-06 -2.66977e-07 5.75497e-08 1.1749e-07
8.66866e-06 -1.87861e-05 -7.02426e-07 -9.1222e-06 -5.69676e-06 3.67168e-06 -3.26292e-07 -1.96844e-07 5.30472e-08
2.30899e-06 -1.34316e-05 7.4786e-07 -5.19864e-06 -1.90634e-06 4.45359e-06 -1.89296e-07 -6.87724e-08 9.57642e-08
1.32191e-05 -3.12666e-06 1.77583e-06 -1.51945e-06 -3.38704e-06 -1.12821e-06 -5.47941e-08 -1.42114e-07 -5.39002e-08
-1.39704e-06 -2.15653e-06 1.33798e-06 -1.83044e-06 5.91677e-07 -4.35345e-07 -6.32944e-08 1.62655e-08 -2.27403e-08
7.69844e-06 -4.29061e-06 1.47252e-06 -1.82504e-06 -4.74568e-07 3.40722e-06 -6.49949e-08 -2.98503e-08 9.62305e-08
9.75484e-06 -7.61923e-06 2.9573e-07 -3.92962e-06 -3.98991e-06 6.39323e-06 -1.39121e-07 -1.44828e-07 1.84566e-07
1.02665e-05 -2.87354e-07 1.51111e-06 -1.68746e-06 -2.77488e-06 5.13552e-06 -5.58635e-08 -1.09422e-07 1.66798e-07
-3.3235e-06 -1.38417e-05 3.84e-06 -6.59823e-06 2.63385e-06 5.97848e-06 -2.35008e-07 7.93678e-08 1.55193e-07
7.72665e-06 -2.07824e-05 1.83531e-06 -7.49093e-06 -1.9967e-06 8.24845e-06 -2.71353e-07 -8.03788e-08 2.06999e-07
-5.66773e-06 -1.7662e-05 5.5785e-06 -6.41541e-06 4.33374e-06 7.5697e-06 -2.32858e-07 1.31926e-07 1.91718e-07
-3.20959e-06 -1.6823e-05 7.94677e-07 -5.50103e-06 2.32978e-06 5.98996e-06 -2.01557e-07 7.87709e-08 1.36567e-07
-6.55483e-06 -1.52275e-05 3.54167e-06 -5.28588e-06 4.30666e-06 4.88864e-06 -1.9448e-07 1.41067e-07 1.15848e-07
3.04551e-06 -8.63152e-06 6.61642e-06 -2.24385e-06 3.15213e-06 6.47428e-06 -8.3648e-08 8.00361e-08 1.85987e-07
3.80974e-06 -1.08291e-05 2.46673e-06 -3.66052e-06 3.27434e-07 5.0849e-06 -1.35552e-07 -2.84263e-09 1.26258e-07
5.99992e-06 -9.15852e-06 3.69044e-06 -1.2861e-06 -6.08176e-07 3.58864e-06 -5.32392e-08 -4.15921e-08 8.09529e-08
5.9881e-06 3.29628e-06 3.91762e-06 1.51613e-06 8.88643e-07 -1.82063e-06 5.6299e-08 2.45232e-09 -4.76873e-08
1.27514e-07 1.28757e-06 7.31413e-06 8.06254e-07 1.56923e-06 -1.53053e-06 3.0049e-08 2.28127e-08 -4.63701e-08
8.37035e-06 1.64634e-06 2.7349e-06 1.33312e-06 -1.11385e-07 -1.74574e-06 4.71364e-08 -2.64494e-08 -5.40089e-08
1.13101e-05 -2.09144e-06 3.60527e-06 -3.09064e-06 -1.72217e-06 2.17957e-06 -1.04746e-07 -8.61017e-08 6.03794e-08
-9.25348e-06 1.29153e-06 7.76364e-06 -8.10779e-07 6.11494e-06 -2.70602e-06 -2.38894e-08 1.87646e-07 -8.38826e-08
4.73274e-07 -4.46531e-06 8.74823e-06 -4.62828e-06 5.46964e-06 6.43139e-07 -1.58897e-07 1.48034e-07 3.40674e-09
6.65273e-06 -1.34552e-05 6.60068e-06 -9.72071e-06 1.13323e-06 5.51419e-06 -3.3951e-07 4.81572e-09 1.30102e-07
4.38507e-06 -1.80541e-05 8.08096e-06 -1.21094e-05 3.45244e-06 3.08879e-06 -4.2332e-07 7.9993e-08 3.33003e-08
-4.73412e-06 -1.43179e-05 1.07554e-05 -1.21223e-05 7.37083e-06 6.16926e-06 -4.15845e-07 2.14011e-07 1.5708e-07
-7.78141e-07 -2.4827e-05 5.9882e-06 -1.27414e-05 4.12514e-06 1.27809e-05 -4.53045e-07 1.20454e-07 3.49518e-07
-1.04789e-06 -2.63218e-05 1.14346e-05 -1.38814e-05 5.34864e-06 1.10765e-05 -4.92451e-07 1.40322e-07 2.77638e-07
4.28308e-06 -2.8116e-05 6.31643e-06 -1.40076e-05 4.41744e-06 1.09693e-05 -4.97026e-07 1.21608e-07 2.72284e-07
1.26762e-05 -9.88616e-06 7.73388e-06 -8.10724e-06 1.80887e-06 6.90875e-06 -2.81488e-07 1.60561e-08 1.93259e-07
1.7034e-05 -1.41099e-05 4.5663e-06 -6.81895e-06 -1.52713e-06 9.06707e-06 -2.43227e-07 -8.8202e-08 2.48209e-07
1.26162e-05 -7.62592e-06 5.7353e-06 -4.65042e-06 7.95243e-08 6.71933e-06 -1.62498e-07 -3.38346e-08 1.92911e-07
3.55569e-05 7.886e-07 3.92235e-06 -3.77049e-07 -4.5558e-06 6.29681e-06 -1.08176e-08 -2.04955e-07 2.09053e-07
3.65854e-05 8.6248e-06 7.98199e-07 1.08812e-06 -4.50036e-06 -1.93675e-06 4.75821e-08 -1.98251e-07 -4.20777e-08
3.4997e-05 2.76239e-06 -9.72833e-07 -1.67189e-06 -4.3808e-06 8.28947e-07 -5.13953e-08 -1.88408e-07 3.52867e-08
3.3896e-05 -3.21836e-06 3.19891e-07 -4.38293e-06 -1.01907e-05 -9.39321e-07 -1.49269e-07 -3.86613e-07 -5.17849e-08
3.47385e-05 -9.36731e-06 5.61633e-07 -4.49711e-06 -1.12645e-05 8.34163e-07 -1.59817e-07 -4.17852e-07 -1.28472e-08
3.91824e-05 -1.36211e-05 -4.51864e-06 -4.98792e-06 -1.13415e-05 1.80155e-06 -1.85001e-07 -4.14955e-07 1.3927e-09
4.64066e-05 2.15416e-06 -7.37205e-06 6.24143e-07 -1.56465e-05 1.48992e-06 2.32241e-08 -5.68928e-07 4.7234e-08
4.52855e-05 9.76329e-06 -8.32177e-06 3.18273e-07 -1.23824e-05 -1.94232e-06 2.23119e-08 -4.4851e-07 -4.51278e-08
4.19821e-05 -1.11412e-06 -9.30968e-06 -2.79872e-07 -1.5557e-05 4.43692e-07 -1.23779e-08 -5.42065e-07 3.88073e-09
2.98278e-05 -1.45873e-06 -7.05195e-06 2.17857e-07 -9.14341e-06 1.69047e-06 4.95258e-09 -3.24122e-07 5.03185e-08
3.84582e-05 -4.9414e-06 -7.52657e-06 1.84566e-06 -1.08468e-05 6.49065e-06 5.43258e-08 -3.7623e-07 1.89414e-07
1.64379e-05 -6.01195e-06 -3.21383e-06 2.30297e-06 -3.59307e-06 4.58089e-06 6.69645e-08 -1.33828e-07 1.29395e-07
2.77215e-05 -7.44628e-06 -4.48917e-06 4.014e-06 -6.19005e-06 6.59396e-06 1.2227e-07 -2.27722e-07 1.86545e-07
2.3722e-05 3.43615e-06 -5.05503e-06 1.11171e-05 -5.67314e-06 3.96848e-06 3.7412e-07 -2.039e-07 1.44104e-07
-2.16026e-06 1.46514e-05 -5.10577e-06 2.04186e-05 6.7189e-06 3.70773e-06 6.96986e-07 2.43634e-07 1.73719e-07
7.02372e-06 1.36782e-05 -1.6345e-07 1.44292e-05 1.43907e-08 -1.1977e-06 4.96193e-07 -7.51972e-09 6.22034e-09
6.24481e-06 2.43312e-05 1.2358e-06 1.95121e-05 -1.5624e-07 -6.42875e-06 6.83511e-07 -1.84711e-08 -1.30548e-07
1.70768e-07 2.14989e-05 5.11245e-07 1.43354e-05 2.93498e-06 -6.29258e-06 5.07292e-07 9.56328e-08 -1.39291e-07
-7.29719e-06 7.63443e-06 -3.33985e-06 8.74244e-06 6.99391e-06 -3.53984e-06 2.99026e-07 2.5221e-07 -9.0083e-08
-6.40384e-06 2.13433e-05 -6.2947e-07 1.34318e-05 7.48837e-06 -1.10465e-05 4.73933e-07 2.58968e-07 -2.9602e-07
-1.86853e-05 2.70823e-05 -9.65679e-08 2.07785e-05 9.09622e-06 -7.15451e-06 7.26478e-07 3.26118e-07 -1.4242e-07
-1.13366e-05 1.76697e-05 1.33231e-06 1.46583e-05 4.16141e-06 -3.94544e-06 5.15819e-07 1.5058e-07 -6.56095e-08
-1.66387e-05 2.51899e-05 8.13022e-07 1.67873e-05 7.46798e-06 -1.04664e-05 5.95123e-07 2.67744e-07 -2.47679e-07
-1.26187e-05 3.07268e-05 -3.42427e-07 1.77e-05 4.92222e-06 -7.87477e-06 6.37007e-07 1.8233e-07 -1.42103e-07
-1.81353e-06 3.11638e-05 -1.50368e-06 1.84901e-05 3.7689e-06 -1.05298e-05 6.6288e-07 1.31345e-07 -2.23789e-07
-1.49977e-05 2.99252e-05 3.89931e-06 1.51541e-05 8.82555e-06 -8.65463e-06 5.4518e-07 2.97002e-07 -1.79885e-07
-2.46228e-05 3.75449e-05 2.08642e-07 2.34658e-05 1.15439e-05 -9.40398e-06 8.3453e-07 4.13938e-07 -1.63042e-07
-3.26112e-05 3.83544e-05 -4.14873e-06 2.12355e-05 1.36825e-05 -1.21253e-05 7.67982e-07 5.16677e-07 -2.59414e-07
-1.99695e-05 3.39943e-05 -1.95699e-06 1.66617e-05 1.006e-05 -1.01545e-05 6.04181e-07 3.66065e-07 -2.15256e-07
-3.20886e-05 2.73508e-05 2.03201e-06 1.35788e-05 1.63034e-05 -9.01008e-06 4.8556e-07 5.71109e-07 -2.00868e-07
-2.55132e-05 2.97567e-05 1.75987e-06 1.64198e-05 1.38256e-05 -3.53576e-06 5.84324e-07 4.83937e-07 -1.36194e-08
-1.89257e-05 2.63694e-05 -4.55559e-07 1.34653e-05 1.16567e-05 -6.83366e-06 4.80973e-07 4.11122e-07 -1.33407e-07
-1.93347e-05 2.31099e-05 1.98498e-06 1.04222e-05 1.08952e-05 -2.37324e-06 3.75311e-07 3.78409e-07 -5.32191e-09
-5.419e-06 1.0803e-05 -8.51392e-06 5.37852e-06 2.94121e-06 -3.71852e-07 1.94245e-07 1.32891e-07 2.41135e-08
-1.84408e-05 1.37521e-05 -5.63247e-07 5.51654e-06 1.05076e-05 5.75578e-07 2.03786e-07 3.76889e-07 7.14295e-08
-3.12496e-06 8.42811e-06 -2.42541e-07 5.11485e-06 5.10393e-06 2.30313e-06 1.82868e-07 1.74449e-07 1.09127e-07
1.41996e-05 1.27474e-06 -7.3014e-06 4.71709e-07 -3.03037e-06 4.24769e-06 1.78409e-08 -9.38248e-08 1.46641e-07
